==> SOM-b_1_n100_m10.txt.out.txt <==
best result:
v in set: 18 20 24 30 61 68 73 77 80 90 
time used: 1700ms
cost: 1

average: 
average time: 1915ms
average cost: 1

==> SOM-b_2_n100_m20.txt.out.txt <==
best result:
v in set: 6 7 9 14 23 25 26 29 30 32 46 49 59 60 69 76 81 85 93 99 
time used: 11180ms
cost: 4

average: 
average time: 15596ms
average cost: 4.7

==> SOM-b_3_n100_m30.txt.out.txt <==
best result:
v in set: 4 10 12 13 14 15 16 20 26 27 30 36 38 45 52 53 54 59 65 67 68 72 77 82 84 85 88 96 98 99 
time used: 87490ms
cost: 8

average: 
average time: 22155ms
average cost: 8.2

==> SOM-b_4_n100_m40.txt.out.txt <==
best result:
v in set: 3 4 6 7 8 19 20 21 22 23 24 29 31 32 36 40 42 43 44 49 50 52 57 62 68 71 73 74 75 76 78 80 81 84 88 92 95 97 98 99 
time used: 12680ms
cost: 11

average: 
average time: 17308ms
average cost: 12.3

==> SOM-b_5_n200_m20.txt.out.txt <==
best result:
v in set: 0 18 20 31 36 40 59 70 73 79 108 127 136 137 145 162 165 175 177 184 
time used: 167890ms
cost: 3

average: 
average time: 46984ms
average cost: 4

==> SOM-b_6_n200_m40.txt.out.txt <==
best result:
v in set: 3 6 8 16 18 35 53 61 84 85 89 94 97 100 102 103 108 112 115 117 121 122 125 145 146 148 152 156 158 161 163 167 170 171 174 176 179 189 193 195 
time used: 64250ms
cost: 11

average: 
average time: 44142ms
average cost: 11.2

==> SOM-b_7_n200_m60.txt.out.txt <==
best result:
v in set: 1 9 15 17 18 19 24 25 26 27 30 31 32 34 37 38 46 49 50 53 57 59 60 69 70 73 75 76 78 79 81 86 87 89 90 100 102 109 122 127 133 136 141 143 145 146 147 151 160 162 166 169 171 173 175 183 184 185 189 199 
time used: 100930ms
cost: 17

average: 
average time: 50082ms
average cost: 18.9

==> SOM-b_8_n200_m80.txt.out.txt <==
best result:
v in set: 1 2 3 6 7 11 12 13 15 17 21 26 33 41 42 44 45 46 50 52 53 54 56 58 59 60 63 65 66 67 71 72 74 75 76 77 78 79 81 84 87 91 92 98 101 108 111 112 113 115 118 122 124 125 128 130 136 138 139 144 145 153 155 156 159 162 165 168 172 177 180 181 185 187 189 190 191 193 195 197 
time used: 5400ms
cost: 27

average: 
average time: 87592ms
average cost: 28.5

==> SOM-b_9_n300_m30.txt.out.txt <==
best result:
v in set: 14 18 19 22 46 56 61 68 80 82 100 143 147 148 150 155 161 169 183 188 191 192 195 217 228 242 257 263 267 290 
time used: 104950ms
cost: 7

average: 
average time: 46626ms
average cost: 7.4

==> SOM-b_10_n300_m60.txt.out.txt <==
best result:
v in set: 4 5 10 13 24 40 41 42 50 53 63 66 70 77 79 83 85 88 94 97 98 105 106 108 117 123 127 128 150 151 152 153 155 169 177 188 189 199 201 205 206 211 218 221 222 223 224 225 229 242 246 247 252 258 259 273 284 286 292 293 
time used: 177070ms
cost: 16

average: 
average time: 113388ms
average cost: 17.3

==> SOM-b_11_n300_m90.txt.out.txt <==
best result:
v in set: 3 5 6 7 10 12 19 20 32 33 36 39 42 43 46 47 48 54 56 58 60 62 66 69 70 71 79 87 92 93 94 95 100 107 115 117 119 120 123 124 126 128 135 136 138 143 144 145 150 151 152 156 157 165 170 174 179 183 186 187 189 196 197 199 200 202 204 207 211 212 214 215 217 220 222 229 237 249 252 258 260 268 269 272 273 281 286 287 288 298 
time used: 27720ms
cost: 26

average: 
average time: 108349ms
average cost: 28.5

==> SOM-b_12_n300_m120.txt.out.txt <==
best result:
v in set: 1 2 4 8 9 12 13 16 17 19 22 24 25 26 29 31 32 35 37 39 47 52 56 58 59 63 64 65 67 71 72 73 76 77 80 82 84 89 90 91 92 97 99 101 103 106 110 113 119 120 121 122 123 124 125 129 130 134 135 137 138 139 140 142 150 151 152 154 155 159 160 161 164 166 171 176 177 178 182 185 188 189 190 194 197 199 200 202 204 205 208 210 216 220 223 226 234 242 243 244 246 247 250 253 254 256 257 259 264 274 275 279 280 282 283 287 290 292 294 299 
time used: 64440ms
cost: 42

average: 
average time: 142403ms
average cost: 42.7

==> SOM-b_13_n400_m40.txt.out.txt <==
best result:
v in set: 25 29 44 68 75 76 77 106 144 156 160 167 170 181 188 199 202 210 237 238 240 264 282 289 292 295 298 302 303 322 337 338 352 364 366 376 380 381 383 391 
time used: 273880ms
cost: 9

average: 
average time: 110443ms
average cost: 9.8

==> SOM-b_14_n400_m80.txt.out.txt <==
best result:
v in set: 8 9 11 14 15 17 24 31 39 49 52 57 64 68 72 81 89 106 111 112 123 125 126 135 140 145 152 155 158 164 166 169 171 173 176 190 191 196 197 199 201 211 213 214 216 224 229 244 245 253 255 260 262 276 277 280 289 293 303 311 313 316 317 326 330 331 333 334 335 336 340 344 348 349 365 368 376 381 388 390 
time used: 333490ms
cost: 23

average: 
average time: 135274ms
average cost: 23.7

==> SOM-b_15_n400_m120.txt.out.txt <==
best result:
v in set: 4 5 8 11 13 17 21 22 28 33 36 37 40 45 52 54 57 61 67 72 77 79 81 82 85 86 87 89 92 94 95 96 98 100 101 102 111 113 122 124 128 129 139 141 142 148 150 151 153 154 157 159 161 162 164 181 182 185 186 190 191 193 199 200 202 208 210 215 219 222 228 237 240 241 247 252 254 256 261 263 264 267 271 273 288 290 295 296 302 303 310 314 317 321 322 325 329 332 333 335 339 342 344 346 355 360 363 364 365 371 374 377 380 383 384 385 393 395 396 398 
time used: 350380ms
cost: 39

average: 
average time: 119391ms
average cost: 40.4

==> SOM-b_16_n400_m160.txt.out.txt <==
best result:
v in set: 0 3 6 10 18 20 22 25 29 31 32 34 37 38 41 42 44 50 51 53 54 59 64 67 72 74 76 78 84 85 87 89 91 93 94 95 97 98 99 101 102 105 106 110 111 117 120 122 125 128 129 130 132 134 135 137 139 143 144 146 148 150 156 158 159 164 167 170 172 175 176 177 185 186 188 189 192 198 199 205 206 207 212 213 217 218 224 226 230 233 234 235 237 239 244 245 246 247 249 250 251 252 253 255 256 259 260 261 262 263 266 267 269 270 273 275 279 282 283 284 286 289 291 293 294 296 297 298 299 302 303 307 309 313 316 318 322 326 327 330 337 338 339 343 346 352 353 354 355 357 364 367 371 373 387 391 392 394 396 399 
time used: 41150ms
cost: 56

average: 
average time: 184470ms
average cost: 57.8

==> SOM-b_17_n500_m50.txt.out.txt <==
best result:
v in set: 4 9 38 45 64 71 82 96 103 112 116 125 133 149 166 174 182 185 191 195 215 228 229 230 241 246 249 253 257 261 268 274 287 293 303 309 311 320 330 341 360 367 386 399 408 448 449 462 488 496 
time used: 358500ms
cost: 11

average: 
average time: 190820ms
average cost: 12.8

==> SOM-b_18_n500_m100.txt.out.txt <==
best result:
v in set: 4 12 13 19 20 28 33 36 38 39 49 53 59 71 87 89 92 94 95 97 103 106 112 116 117 118 128 136 141 151 152 154 157 162 169 171 174 177 180 188 189 199 200 204 205 209 212 214 215 218 226 232 236 243 248 249 257 261 262 266 267 273 277 286 293 296 302 305 313 316 318 324 333 336 340 341 348 367 376 386 395 398 414 415 417 418 419 421 425 462 467 469 473 478 481 488 489 490 497 499 
time used: 433060ms
cost: 28

average: 
average time: 191418ms
average cost: 30.3

==> SOM-b_19_n500_m150.txt.out.txt <==
best result:
v in set: 1 2 3 6 10 12 15 16 19 20 24 28 35 43 45 47 51 53 61 62 67 74 77 81 84 85 86 88 90 94 97 99 106 109 112 114 115 119 125 127 128 129 133 135 141 143 144 145 151 158 161 165 169 170 171 172 174 178 184 202 208 216 218 224 225 230 236 239 241 247 248 249 256 261 271 273 275 277 278 282 283 284 286 291 294 296 300 301 306 309 310 316 318 319 323 330 333 334 341 343 344 347 349 350 352 354 356 357 359 369 372 373 377 378 379 381 383 384 391 392 393 396 399 402 403 406 407 414 416 418 421 422 424 425 435 436 443 452 453 455 456 459 460 462 468 474 480 486 487 496 
time used: 276640ms
cost: 51

average: 
average time: 300274ms
average cost: 53

==> SOM-b_20_n500_m200.txt.out.txt <==
best result:
v in set: 3 5 10 11 19 23 24 25 26 27 28 36 37 41 42 44 45 48 50 51 52 54 59 60 61 63 65 70 74 75 77 78 79 81 82 84 86 87 88 89 90 91 97 99 100 101 103 104 105 107 110 116 118 119 127 128 129 132 134 141 142 143 144 145 146 149 150 156 157 159 160 161 163 164 165 167 172 173 174 176 177 179 183 188 191 192 195 197 199 200 202 206 207 209 211 212 213 215 216 222 223 227 229 231 232 233 235 236 241 242 246 248 252 254 255 257 262 263 267 268 271 272 273 277 279 282 283 284 286 287 288 292 301 302 303 307 308 312 315 316 320 323 328 329 336 338 339 344 345 346 347 351 353 354 356 358 360 363 367 372 376 378 381 383 384 386 388 389 391 392 399 402 404 405 406 408 411 412 416 417 421 424 425 434 443 445 446 451 452 455 462 467 473 477 480 486 489 492 494 496 
time used: 115320ms
cost: 70

average: 
average time: 113469ms
average cost: 72.5
