all result:
v in set: 1 8 12 13 19 22 25 30 36 37 43 46 49 51 54 57 58 59 60 62 65 66 72 73 74 82 88 91 94 99 102 103 104 111 112 115 116 120 123 128 129 134 140 141 143 144 148 149 150 152 154 155 157 159 165 167 169 170 179 180 181 182 183 185 186 190 192 198 202 203 204 208 209 212 214 215 222 223 225 228 229 230 233 235 239 241 242 244 247 249 252 253 256 257 261 262 268 271 273 274 275 276 278 279 281 282 283 287 290 297 298 299 301 302 304 305 306 309 313 314 315 319 322 324 326 329 330 331 332 333 339 340 343 345 347 354 356 360 361 362 366 369 377 378 381 383 385 388 389 390 392 395 396 397 398 399 400 402 403 404 406 407 409 415 416 421 426 427 429 430 431 433 437 438 440 441 442 443 444 446 453 459 461 463 464 465 467 469 473 474 478 480 481 486 488 491 493 495 498 499 
time used: 38870ms
cost: 74

v in set: 0 1 4 5 7 8 9 11 18 19 20 21 22 23 24 32 39 40 41 42 44 50 51 53 55 57 58 61 62 63 65 66 67 72 80 81 90 96 99 101 104 106 107 110 113 114 120 121 123 127 128 130 135 139 140 143 146 149 155 157 159 161 166 170 173 175 176 177 178 182 183 184 185 188 189 191 193 199 206 207 215 217 219 221 223 224 226 228 229 230 231 233 234 235 236 237 239 241 244 245 246 248 249 253 259 263 264 267 268 270 271 277 278 281 287 288 290 293 297 298 301 305 309 310 318 319 321 325 326 330 333 335 339 340 341 348 349 350 353 358 359 361 363 368 371 376 383 385 386 387 388 389 390 392 393 394 395 397 398 399 403 412 414 415 417 420 421 423 424 426 427 434 435 437 440 441 442 452 453 454 459 461 463 465 466 468 472 473 475 480 481 484 485 487 490 493 494 495 496 497 
time used: 41710ms
cost: 73

v in set: 1 3 9 12 14 19 20 21 22 23 26 27 42 49 50 51 54 56 58 65 66 67 69 73 74 76 77 78 79 80 82 84 87 88 93 99 102 104 107 109 114 120 121 123 126 128 129 132 133 135 136 137 141 146 147 149 150 151 153 155 157 159 162 163 164 174 175 178 179 184 185 188 189 190 193 194 199 200 201 203 206 207 209 211 212 213 214 215 217 218 219 220 224 226 233 236 241 246 248 250 251 253 254 259 260 263 278 279 282 283 284 285 287 291 292 295 300 302 304 307 308 309 310 313 317 320 322 323 329 331 334 339 344 345 346 347 348 349 351 352 353 355 356 358 361 362 363 366 370 374 376 380 381 387 388 398 400 401 403 408 410 412 414 415 416 417 419 420 423 427 429 431 434 435 449 450 451 452 454 455 459 463 464 465 466 469 470 472 473 474 476 479 484 490 491 493 494 496 497 498 
time used: 202060ms
cost: 72

v in set: 3 5 10 11 19 23 24 25 26 27 28 36 37 41 42 44 45 48 50 51 52 54 59 60 61 63 65 70 74 75 77 78 79 81 82 84 86 87 88 89 90 91 97 99 100 101 103 104 105 107 110 116 118 119 127 128 129 132 134 141 142 143 144 145 146 149 150 156 157 159 160 161 163 164 165 167 172 173 174 176 177 179 183 188 191 192 195 197 199 200 202 206 207 209 211 212 213 215 216 222 223 227 229 231 232 233 235 236 241 242 246 248 252 254 255 257 262 263 267 268 271 272 273 277 279 282 283 284 286 287 288 292 301 302 303 307 308 312 315 316 320 323 328 329 336 338 339 344 345 346 347 351 353 354 356 358 360 363 367 372 376 378 381 383 384 386 388 389 391 392 399 402 404 405 406 408 411 412 416 417 421 424 425 434 443 445 446 451 452 455 462 467 473 477 480 486 489 492 494 496 
time used: 115320ms
cost: 70

v in set: 0 2 4 7 9 10 17 19 21 23 25 26 27 28 31 39 46 50 51 52 54 56 59 60 61 63 64 66 69 75 84 86 89 90 92 94 95 97 102 103 105 108 109 112 115 117 120 121 123 127 130 131 135 140 141 143 144 147 148 151 153 154 157 158 161 162 165 167 169 170 177 181 183 185 187 190 193 194 195 197 199 201 205 206 208 211 212 213 214 215 219 220 222 225 239 241 244 246 248 251 252 253 255 258 262 266 267 269 270 271 273 276 278 280 282 288 291 292 295 297 298 300 302 304 306 309 317 319 320 322 326 328 329 333 334 337 339 340 342 343 346 351 354 359 363 368 371 372 375 378 379 383 386 388 389 390 392 393 394 395 397 400 401 403 405 407 418 419 420 421 424 425 428 431 432 434 436 437 446 449 452 453 454 455 456 459 460 463 466 468 469 473 477 479 481 486 488 492 496 497 
time used: 398360ms
cost: 72

v in set: 1 2 3 4 6 7 9 10 14 23 25 26 28 29 34 36 37 38 40 44 49 52 55 56 58 59 60 61 63 66 68 69 70 75 81 87 99 102 109 110 112 113 114 115 119 121 122 125 127 128 131 132 133 134 137 141 142 143 144 145 150 155 157 158 161 162 163 166 167 168 169 173 175 180 183 188 190 192 193 194 197 198 199 200 204 205 210 215 218 223 224 228 230 234 236 238 239 240 241 242 248 252 253 256 259 263 264 266 267 268 269 270 271 276 277 278 280 281 282 287 288 292 293 297 299 300 303 307 309 311 312 315 319 320 323 325 327 328 334 336 338 343 344 346 347 348 351 357 362 367 369 372 373 375 380 385 390 393 399 400 406 409 411 412 415 416 423 425 426 427 428 430 431 434 445 446 449 450 451 455 457 459 460 462 466 467 468 470 471 480 481 484 486 489 491 492 493 496 497 498 
time used: 15710ms
cost: 73

v in set: 0 2 4 5 9 13 15 17 20 23 24 28 30 31 33 37 39 40 45 46 48 51 54 56 57 58 64 66 72 73 75 79 81 84 86 89 93 94 95 99 101 102 104 106 108 111 112 113 123 127 128 134 135 142 149 151 153 156 158 163 164 165 167 171 173 175 176 177 180 190 193 199 204 206 208 209 210 213 214 216 220 222 223 226 232 234 235 236 237 238 244 247 249 250 252 254 255 256 261 263 266 270 276 277 278 280 285 288 290 292 295 297 298 303 306 307 316 317 319 320 322 324 325 326 327 330 331 338 339 342 344 346 347 348 351 352 353 354 356 357 363 367 368 369 374 375 377 378 379 380 381 383 384 385 387 389 394 395 398 400 402 405 407 414 417 419 422 424 425 426 431 433 440 441 442 443 444 446 449 452 458 459 460 461 463 464 466 473 474 480 481 482 483 485 487 488 493 496 497 499 
time used: 100460ms
cost: 74

v in set: 1 6 7 8 10 13 16 17 19 20 22 24 26 27 31 32 34 37 40 42 44 45 50 54 55 56 58 59 60 63 67 68 69 77 79 82 84 85 86 90 91 93 94 99 102 103 104 111 114 122 123 127 128 130 135 138 142 144 147 154 157 158 162 165 171 173 179 180 181 182 183 190 192 193 195 196 200 203 205 211 212 213 214 215 219 222 223 224 230 234 247 248 252 253 260 261 262 263 264 265 266 268 270 271 273 274 275 276 277 281 282 284 286 287 288 291 292 293 295 297 299 306 310 312 314 318 320 321 322 323 324 325 326 329 331 334 338 341 343 344 346 350 352 357 364 365 367 369 370 373 374 376 377 380 381 384 386 388 393 397 404 408 409 410 411 412 414 416 419 422 426 427 428 429 431 433 434 436 439 442 444 445 446 447 450 452 454 455 461 464 467 473 478 479 481 484 485 487 495 497 
time used: 145880ms
cost: 71

v in set: 3 7 9 11 12 19 21 22 31 32 35 36 41 44 45 47 52 54 58 59 60 64 72 76 78 81 82 84 87 88 91 93 96 97 99 101 102 103 105 106 107 112 115 122 123 127 130 132 134 136 137 140 141 142 143 147 149 150 153 154 157 159 161 163 164 169 170 174 178 179 182 183 185 187 188 189 193 196 197 198 199 201 202 207 210 212 214 216 217 218 219 221 223 224 225 227 230 239 241 242 247 248 251 252 253 254 255 259 263 268 271 275 276 284 286 287 289 291 295 297 299 304 306 309 310 311 312 313 314 316 318 319 320 321 323 331 332 334 337 340 342 343 348 349 350 352 354 357 359 366 372 373 377 382 384 385 387 389 390 397 398 401 402 403 405 406 411 412 415 416 418 420 423 424 426 434 435 439 444 445 450 451 453 454 458 461 462 463 465 468 470 472 473 474 477 481 488 489 492 494 
time used: 13720ms
cost: 72

v in set: 0 1 9 10 15 18 21 22 23 25 26 30 32 34 36 37 41 42 48 52 54 55 60 63 68 69 73 74 76 84 85 86 87 93 94 96 99 100 101 102 105 107 108 110 111 112 114 117 121 128 129 130 131 133 138 141 142 143 144 147 152 153 155 158 159 160 162 166 169 171 173 174 175 177 179 180 181 184 187 188 189 191 195 201 202 203 206 210 212 215 219 221 222 223 225 226 228 229 230 233 234 235 236 238 241 247 248 250 252 253 255 256 259 261 263 270 272 274 275 276 280 282 287 288 291 295 298 299 300 301 305 309 315 316 318 320 323 332 334 336 339 346 347 348 352 353 354 360 361 366 367 373 375 377 380 381 382 390 392 393 397 399 401 410 411 412 419 425 426 429 431 437 439 440 442 445 447 451 452 454 455 456 458 459 460 462 467 471 472 475 478 480 485 488 489 493 494 495 496 498 
time used: 62600ms
cost: 74

best result:
v in set: 3 5 10 11 19 23 24 25 26 27 28 36 37 41 42 44 45 48 50 51 52 54 59 60 61 63 65 70 74 75 77 78 79 81 82 84 86 87 88 89 90 91 97 99 100 101 103 104 105 107 110 116 118 119 127 128 129 132 134 141 142 143 144 145 146 149 150 156 157 159 160 161 163 164 165 167 172 173 174 176 177 179 183 188 191 192 195 197 199 200 202 206 207 209 211 212 213 215 216 222 223 227 229 231 232 233 235 236 241 242 246 248 252 254 255 257 262 263 267 268 271 272 273 277 279 282 283 284 286 287 288 292 301 302 303 307 308 312 315 316 320 323 328 329 336 338 339 344 345 346 347 351 353 354 356 358 360 363 367 372 376 378 381 383 384 386 388 389 391 392 399 402 404 405 406 408 411 412 416 417 421 424 425 434 443 445 446 451 452 455 462 467 473 477 480 486 489 492 494 496 
time used: 115320ms
cost: 70

average: 
average time: 113469ms
average cost: 72.5
