all result:
v in set: 3 6 8 16 18 35 53 61 84 85 89 94 97 100 102 103 108 112 115 117 121 122 125 145 146 148 152 156 158 161 163 167 170 171 174 176 179 189 193 195 
time used: 64250ms
cost: 11

v in set: 7 9 13 16 27 31 35 43 45 52 62 69 72 77 81 97 98 101 102 104 105 109 117 121 126 132 137 143 147 151 161 165 171 178 179 186 191 194 195 198 
time used: 92610ms
cost: 11

v in set: 8 9 13 14 15 16 18 31 37 40 43 47 50 62 77 80 89 93 98 101 103 113 117 122 132 136 138 140 146 148 153 155 156 165 175 179 180 186 195 199 
time used: 6880ms
cost: 12

v in set: 5 26 29 35 38 42 44 50 54 62 70 74 85 87 90 94 95 96 101 103 108 117 120 122 127 130 134 140 145 147 150 155 163 172 176 183 187 190 194 198 
time used: 25500ms
cost: 11

v in set: 1 4 11 20 29 33 37 42 46 49 51 55 56 62 67 68 70 71 83 84 99 101 103 106 115 121 122 124 127 131 143 145 151 153 162 168 169 171 178 194 
time used: 114650ms
cost: 11

v in set: 0 1 3 14 17 30 31 33 44 49 66 69 82 87 94 97 98 101 115 119 120 127 129 135 138 140 145 151 155 162 164 168 173 176 178 181 182 187 189 198 
time used: 30ms
cost: 12

v in set: 1 4 8 14 17 22 29 37 43 45 55 65 66 71 77 81 82 84 88 91 92 93 97 104 107 110 112 115 123 125 126 127 142 143 150 152 153 178 181 190 
time used: 69250ms
cost: 11

v in set: 3 4 19 25 26 28 33 34 39 46 50 51 55 60 62 64 65 66 83 90 97 100 110 118 122 126 139 141 142 145 150 151 152 160 165 173 177 179 191 199 
time used: 5420ms
cost: 11

v in set: 3 7 26 31 32 34 37 43 45 49 56 60 62 63 65 71 73 75 81 82 87 95 97 101 108 116 117 120 123 132 135 136 145 160 163 167 180 184 188 197 
time used: 4890ms
cost: 11

v in set: 5 9 12 27 29 31 35 38 39 42 52 56 60 61 62 67 70 73 79 80 82 84 89 99 104 105 118 123 129 135 137 143 144 146 147 151 161 175 179 196 
time used: 57940ms
cost: 11

best result:
v in set: 3 6 8 16 18 35 53 61 84 85 89 94 97 100 102 103 108 112 115 117 121 122 125 145 146 148 152 156 158 161 163 167 170 171 174 176 179 189 193 195 
time used: 64250ms
cost: 11

average: 
average time: 44142ms
average cost: 11.2
