all result:
v in set: 8 9 11 14 15 17 24 31 39 49 52 57 64 68 72 81 89 106 111 112 123 125 126 135 140 145 152 155 158 164 166 169 171 173 176 190 191 196 197 199 201 211 213 214 216 224 229 244 245 253 255 260 262 276 277 280 289 293 303 311 313 316 317 326 330 331 333 334 335 336 340 344 348 349 365 368 376 381 388 390 
time used: 333490ms
cost: 23

v in set: 5 10 11 20 24 31 44 48 55 56 57 58 61 64 71 81 82 85 86 109 114 115 118 121 124 128 129 131 135 140 143 144 145 149 159 166 167 169 172 179 184 185 203 214 219 235 238 249 254 255 258 267 270 274 280 290 297 298 306 314 316 319 320 328 331 334 336 337 338 348 349 350 351 355 358 360 361 366 388 398 
time used: 23470ms
cost: 24

v in set: 3 9 24 36 39 43 56 59 65 70 78 79 81 85 86 90 91 94 108 113 114 115 127 128 129 138 142 146 149 150 151 152 163 168 176 177 194 201 215 216 222 223 225 233 240 243 245 246 248 249 253 266 279 280 285 290 302 303 304 307 314 317 323 329 332 334 337 349 350 352 357 361 362 363 367 370 371 380 381 397 
time used: 16780ms
cost: 23

v in set: 10 11 13 20 21 23 26 34 36 38 40 43 49 57 58 60 62 68 81 92 93 94 95 104 113 117 118 128 129 138 144 145 146 149 152 155 162 163 177 178 193 194 202 213 243 250 253 254 259 267 269 275 276 281 284 289 291 297 298 299 306 309 321 324 335 339 341 358 359 361 362 372 374 377 381 382 385 393 394 397 
time used: 269070ms
cost: 24

v in set: 1 5 11 13 16 20 22 31 32 34 37 40 41 44 51 52 53 55 66 72 74 76 80 84 87 88 90 93 107 112 114 115 120 123 128 138 140 141 143 151 152 155 158 166 170 173 186 204 207 210 211 214 215 222 229 231 251 255 265 273 274 291 295 313 323 326 327 329 334 336 349 355 364 366 367 376 378 388 393 399 
time used: 19480ms
cost: 25

v in set: 6 8 9 10 13 14 15 28 35 41 50 57 67 73 75 77 78 83 84 89 96 107 113 114 123 129 131 134 139 149 158 159 160 161 164 167 173 180 185 186 188 189 190 193 206 210 217 221 229 234 240 254 256 262 264 266 272 288 291 294 297 299 300 303 308 309 310 314 319 320 321 322 334 340 348 366 378 396 397 399 
time used: 34170ms
cost: 24

v in set: 0 24 39 41 43 49 53 54 62 69 73 79 80 84 85 87 88 91 98 105 110 115 120 131 138 141 144 148 152 156 158 159 161 166 167 181 192 196 200 207 211 215 229 243 256 264 265 266 273 276 277 282 288 291 292 295 300 304 305 311 312 315 316 317 321 334 335 336 337 344 347 348 350 367 368 377 383 386 387 395 
time used: 255950ms
cost: 24

v in set: 12 15 16 27 31 32 37 39 40 47 50 57 63 64 66 67 68 72 74 76 78 89 97 103 104 105 113 121 124 127 128 131 133 135 146 148 157 163 179 206 216 221 222 224 233 237 238 243 249 251 253 254 260 268 271 276 286 290 291 300 302 304 306 307 325 328 331 336 339 342 357 363 366 377 379 382 388 389 397 399 
time used: 252180ms
cost: 23

v in set: 3 6 7 15 29 30 40 49 50 55 57 63 64 67 68 69 74 77 80 101 103 107 111 119 126 127 129 132 136 143 144 162 172 184 185 200 201 213 216 219 221 236 243 249 250 251 252 256 259 261 265 268 270 272 273 274 279 285 289 294 295 297 300 307 309 319 339 340 344 354 355 361 366 377 381 382 390 393 394 395 
time used: 99270ms
cost: 23

v in set: 4 8 12 13 14 19 28 33 37 39 46 49 50 53 55 58 62 76 77 78 83 94 95 96 108 115 120 122 123 131 139 140 143 147 151 164 167 173 174 179 200 203 204 212 214 215 216 218 222 223 226 243 248 257 264 266 272 278 282 283 285 288 291 307 311 314 320 325 332 336 338 344 345 347 349 356 358 369 396 399 
time used: 48880ms
cost: 24

best result:
v in set: 8 9 11 14 15 17 24 31 39 49 52 57 64 68 72 81 89 106 111 112 123 125 126 135 140 145 152 155 158 164 166 169 171 173 176 190 191 196 197 199 201 211 213 214 216 224 229 244 245 253 255 260 262 276 277 280 289 293 303 311 313 316 317 326 330 331 333 334 335 336 340 344 348 349 365 368 376 381 388 390 
time used: 333490ms
cost: 23

average: 
average time: 135274ms
average cost: 23.7
