100 40
0 1 4
0 2 3
0 3 7
0 4 3
0 5 5
0 6 9
0 7 5
0 8 9
0 9 5
0 10 6
0 11 4
0 12 8
0 13 3
0 14 6
0 15 9
0 16 9
0 17 2
0 18 6
0 19 3
0 20 4
0 21 7
0 22 9
0 23 7
0 24 3
0 25 9
0 26 5
0 27 8
0 28 6
0 29 4
0 30 0
0 31 3
0 32 1
0 33 9
0 34 6
0 35 7
0 36 5
0 37 2
0 38 4
0 39 6
0 40 9
0 41 0
0 42 4
0 43 2
0 44 3
0 45 3
0 46 8
0 47 0
0 48 8
0 49 8
0 50 6
0 51 5
0 52 1
0 53 6
0 54 1
0 55 7
0 56 1
0 57 1
0 58 8
0 59 2
0 60 2
0 61 7
0 62 0
0 63 8
0 64 6
0 65 6
0 66 6
0 67 4
0 68 1
0 69 6
0 70 6
0 71 1
0 72 5
0 73 0
0 74 7
0 75 9
0 76 0
0 77 3
0 78 6
0 79 4
0 80 2
0 81 0
0 82 9
0 83 6
0 84 3
0 85 2
0 86 4
0 87 7
0 88 6
0 89 1
0 90 8
0 91 2
0 92 7
0 93 3
0 94 5
0 95 0
0 96 8
0 97 0
0 98 6
0 99 2
1 2 4
1 3 1
1 4 3
1 5 3
1 6 4
1 7 8
1 8 6
1 9 7
1 10 2
1 11 6
1 12 1
1 13 1
1 14 9
1 15 1
1 16 2
1 17 5
1 18 1
1 19 3
1 20 4
1 21 9
1 22 7
1 23 9
1 24 8
1 25 0
1 26 2
1 27 2
1 28 1
1 29 9
1 30 0
1 31 7
1 32 5
1 33 4
1 34 4
1 35 0
1 36 8
1 37 0
1 38 0
1 39 1
1 40 0
1 41 4
1 42 8
1 43 4
1 44 4
1 45 5
1 46 9
1 47 3
1 48 6
1 49 4
1 50 4
1 51 2
1 52 7
1 53 7
1 54 2
1 55 3
1 56 3
1 57 3
1 58 1
1 59 7
1 60 2
1 61 8
1 62 2
1 63 8
1 64 1
1 65 8
1 66 1
1 67 0
1 68 7
1 69 6
1 70 2
1 71 9
1 72 9
1 73 8
1 74 4
1 75 3
1 76 3
1 77 5
1 78 2
1 79 0
1 80 7
1 81 2
1 82 5
1 83 3
1 84 7
1 85 4
1 86 3
1 87 2
1 88 1
1 89 9
1 90 8
1 91 6
1 92 3
1 93 9
1 94 2
1 95 6
1 96 5
1 97 1
1 98 9
1 99 3
2 3 7
2 4 1
2 5 2
2 6 5
2 7 4
2 8 1
2 9 2
2 10 5
2 11 2
2 12 2
2 13 4
2 14 5
2 15 9
2 16 4
2 17 3
2 18 1
2 19 5
2 20 0
2 21 8
2 22 7
2 23 6
2 24 2
2 25 5
2 26 6
2 27 6
2 28 7
2 29 1
2 30 5
2 31 4
2 32 2
2 33 8
2 34 0
2 35 7
2 36 6
2 37 4
2 38 5
2 39 3
2 40 1
2 41 5
2 42 4
2 43 2
2 44 0
2 45 9
2 46 5
2 47 2
2 48 4
2 49 0
2 50 9
2 51 7
2 52 2
2 53 8
2 54 5
2 55 9
2 56 1
2 57 7
2 58 7
2 59 9
2 60 8
2 61 3
2 62 9
2 63 6
2 64 3
2 65 4
2 66 2
2 67 8
2 68 8
2 69 0
2 70 5
2 71 0
2 72 2
2 73 2
2 74 3
2 75 3
2 76 3
2 77 0
2 78 3
2 79 8
2 80 7
2 81 2
2 82 3
2 83 5
2 84 7
2 85 4
2 86 3
2 87 4
2 88 3
2 89 5
2 90 2
2 91 9
2 92 3
2 93 7
2 94 2
2 95 9
2 96 3
2 97 5
2 98 6
2 99 3
3 4 7
3 5 3
3 6 5
3 7 7
3 8 6
3 9 1
3 10 5
3 11 2
3 12 8
3 13 3
3 14 6
3 15 7
3 16 7
3 17 0
3 18 4
3 19 7
3 20 3
3 21 0
3 22 1
3 23 3
3 24 9
3 25 9
3 26 2
3 27 9
3 28 9
3 29 0
3 30 3
3 31 0
3 32 6
3 33 5
3 34 5
3 35 8
3 36 2
3 37 9
3 38 0
3 39 1
3 40 2
3 41 8
3 42 8
3 43 4
3 44 3
3 45 6
3 46 5
3 47 2
3 48 0
3 49 1
3 50 5
3 51 9
3 52 5
3 53 0
3 54 8
3 55 1
3 56 9
3 57 8
3 58 4
3 59 6
3 60 3
3 61 4
3 62 5
3 63 7
3 64 3
3 65 5
3 66 7
3 67 9
3 68 4
3 69 2
3 70 7
3 71 6
3 72 7
3 73 5
3 74 1
3 75 8
3 76 6
3 77 9
3 78 9
3 79 5
3 80 9
3 81 6
3 82 0
3 83 0
3 84 4
3 85 8
3 86 8
3 87 9
3 88 8
3 89 7
3 90 1
3 91 6
3 92 2
3 93 8
3 94 1
3 95 3
3 96 0
3 97 4
3 98 0
3 99 3
4 5 4
4 6 3
4 7 4
4 8 8
4 9 1
4 10 0
4 11 7
4 12 4
4 13 8
4 14 5
4 15 1
4 16 9
4 17 4
4 18 9
4 19 0
4 20 8
4 21 1
4 22 2
4 23 2
4 24 6
4 25 0
4 26 6
4 27 6
4 28 5
4 29 7
4 30 6
4 31 4
4 32 4
4 33 4
4 34 2
4 35 6
4 36 7
4 37 0
4 38 6
4 39 7
4 40 7
4 41 8
4 42 9
4 43 4
4 44 6
4 45 5
4 46 4
4 47 8
4 48 5
4 49 1
4 50 3
4 51 2
4 52 6
4 53 9
4 54 7
4 55 9
4 56 0
4 57 0
4 58 2
4 59 5
4 60 9
4 61 4
4 62 7
4 63 9
4 64 6
4 65 1
4 66 5
4 67 8
4 68 3
4 69 7
4 70 9
4 71 7
4 72 3
4 73 5
4 74 0
4 75 6
4 76 3
4 77 0
4 78 6
4 79 1
4 80 5
4 81 6
4 82 2
4 83 2
4 84 7
4 85 1
4 86 9
4 87 1
4 88 3
4 89 3
4 90 6
4 91 2
4 92 4
4 93 9
4 94 4
4 95 6
4 96 1
4 97 6
4 98 3
4 99 2
5 6 1
5 7 1
5 8 6
5 9 0
5 10 6
5 11 8
5 12 0
5 13 9
5 14 1
5 15 9
5 16 7
5 17 8
5 18 9
5 19 8
5 20 5
5 21 0
5 22 5
5 23 3
5 24 1
5 25 5
5 26 5
5 27 0
5 28 4
5 29 3
5 30 2
5 31 2
5 32 3
5 33 3
5 34 0
5 35 1
5 36 9
5 37 4
5 38 0
5 39 8
5 40 7
5 41 1
5 42 9
5 43 7
5 44 4
5 45 0
5 46 0
5 47 2
5 48 7
5 49 5
5 50 4
5 51 6
5 52 4
5 53 0
5 54 8
5 55 8
5 56 4
5 57 8
5 58 4
5 59 3
5 60 9
5 61 3
5 62 1
5 63 7
5 64 4
5 65 4
5 66 8
5 67 6
5 68 0
5 69 4
5 70 2
5 71 1
5 72 1
5 73 0
5 74 8
5 75 9
5 76 4
5 77 8
5 78 5
5 79 2
5 80 8
5 81 7
5 82 6
5 83 0
5 84 9
5 85 1
5 86 6
5 87 0
5 88 0
5 89 2
5 90 2
5 91 9
5 92 6
5 93 3
5 94 0
5 95 7
5 96 8
5 97 1
5 98 6
5 99 3
6 7 9
6 8 8
6 9 8
6 10 1
6 11 3
6 12 2
6 13 7
6 14 2
6 15 7
6 16 9
6 17 5
6 18 3
6 19 5
6 20 1
6 21 6
6 22 6
6 23 0
6 24 7
6 25 4
6 26 7
6 27 5
6 28 8
6 29 8
6 30 5
6 31 4
6 32 7
6 33 8
6 34 2
6 35 3
6 36 4
6 37 9
6 38 9
6 39 5
6 40 6
6 41 2
6 42 2
6 43 5
6 44 4
6 45 9
6 46 1
6 47 4
6 48 0
6 49 1
6 50 1
6 51 1
6 52 7
6 53 7
6 54 5
6 55 4
6 56 7
6 57 6
6 58 7
6 59 7
6 60 9
6 61 9
6 62 5
6 63 3
6 64 9
6 65 2
6 66 0
6 67 4
6 68 5
6 69 2
6 70 4
6 71 3
6 72 5
6 73 1
6 74 2
6 75 6
6 76 2
6 77 7
6 78 8
6 79 6
6 80 7
6 81 8
6 82 0
6 83 7
6 84 8
6 85 2
6 86 1
6 87 2
6 88 3
6 89 0
6 90 2
6 91 6
6 92 8
6 93 9
6 94 9
6 95 0
6 96 0
6 97 5
6 98 0
6 99 1
7 8 2
7 9 4
7 10 4
7 11 9
7 12 6
7 13 0
7 14 0
7 15 9
7 16 7
7 17 2
7 18 5
7 19 1
7 20 0
7 21 9
7 22 3
7 23 2
7 24 3
7 25 1
7 26 2
7 27 6
7 28 6
7 29 6
7 30 7
7 31 1
7 32 9
7 33 5
7 34 0
7 35 1
7 36 7
7 37 8
7 38 9
7 39 1
7 40 1
7 41 0
7 42 0
7 43 7
7 44 6
7 45 4
7 46 9
7 47 0
7 48 6
7 49 6
7 50 4
7 51 0
7 52 8
7 53 5
7 54 5
7 55 2
7 56 8
7 57 4
7 58 0
7 59 1
7 60 7
7 61 2
7 62 6
7 63 9
7 64 6
7 65 9
7 66 5
7 67 1
7 68 9
7 69 7
7 70 6
7 71 2
7 72 1
7 73 1
7 74 3
7 75 8
7 76 0
7 77 8
7 78 0
7 79 5
7 80 8
7 81 3
7 82 7
7 83 3
7 84 8
7 85 7
7 86 2
7 87 7
7 88 5
7 89 2
7 90 6
7 91 7
7 92 8
7 93 2
7 94 6
7 95 4
7 96 8
7 97 5
7 98 6
7 99 8
8 9 4
8 10 2
8 11 8
8 12 8
8 13 7
8 14 2
8 15 8
8 16 2
8 17 6
8 18 9
8 19 4
8 20 1
8 21 6
8 22 2
8 23 1
8 24 2
8 25 7
8 26 9
8 27 8
8 28 8
8 29 0
8 30 7
8 31 2
8 32 5
8 33 4
8 34 4
8 35 2
8 36 5
8 37 8
8 38 4
8 39 0
8 40 6
8 41 1
8 42 7
8 43 6
8 44 4
8 45 9
8 46 2
8 47 1
8 48 5
8 49 7
8 50 5
8 51 3
8 52 2
8 53 2
8 54 2
8 55 0
8 56 1
8 57 8
8 58 2
8 59 5
8 60 1
8 61 0
8 62 7
8 63 3
8 64 0
8 65 9
8 66 9
8 67 5
8 68 6
8 69 2
8 70 8
8 71 6
8 72 4
8 73 8
8 74 6
8 75 2
8 76 8
8 77 3
8 78 1
8 79 0
8 80 8
8 81 4
8 82 9
8 83 5
8 84 4
8 85 6
8 86 8
8 87 8
8 88 2
8 89 7
8 90 6
8 91 6
8 92 4
8 93 0
8 94 2
8 95 6
8 96 0
8 97 8
8 98 3
8 99 0
9 10 6
9 11 6
9 12 8
9 13 5
9 14 8
9 15 1
9 16 2
9 17 3
9 18 8
9 19 7
9 20 0
9 21 7
9 22 5
9 23 3
9 24 4
9 25 1
9 26 6
9 27 3
9 28 2
9 29 6
9 30 3
9 31 4
9 32 2
9 33 0
9 34 2
9 35 4
9 36 1
9 37 5
9 38 2
9 39 4
9 40 7
9 41 8
9 42 1
9 43 1
9 44 8
9 45 8
9 46 8
9 47 2
9 48 0
9 49 8
9 50 4
9 51 3
9 52 0
9 53 4
9 54 4
9 55 0
9 56 8
9 57 1
9 58 8
9 59 8
9 60 8
9 61 7
9 62 5
9 63 7
9 64 2
9 65 9
9 66 8
9 67 4
9 68 4
9 69 6
9 70 7
9 71 2
9 72 3
9 73 1
9 74 3
9 75 2
9 76 6
9 77 3
9 78 6
9 79 8
9 80 1
9 81 9
9 82 6
9 83 3
9 84 4
9 85 1
9 86 2
9 87 3
9 88 2
9 89 2
9 90 4
9 91 7
9 92 3
9 93 1
9 94 3
9 95 0
9 96 4
9 97 3
9 98 2
9 99 2
10 11 7
10 12 6
10 13 0
10 14 4
10 15 7
10 16 8
10 17 7
10 18 5
10 19 6
10 20 3
10 21 8
10 22 6
10 23 2
10 24 5
10 25 6
10 26 9
10 27 7
10 28 7
10 29 1
10 30 0
10 31 5
10 32 2
10 33 1
10 34 3
10 35 2
10 36 7
10 37 0
10 38 5
10 39 9
10 40 0
10 41 7
10 42 0
10 43 1
10 44 8
10 45 3
10 46 7
10 47 4
10 48 0
10 49 6
10 50 2
10 51 0
10 52 3
10 53 2
10 54 6
10 55 6
10 56 1
10 57 3
10 58 7
10 59 4
10 60 1
10 61 9
10 62 8
10 63 8
10 64 8
10 65 1
10 66 7
10 67 6
10 68 2
10 69 1
10 70 2
10 71 4
10 72 2
10 73 2
10 74 3
10 75 5
10 76 8
10 77 6
10 78 6
10 79 2
10 80 3
10 81 9
10 82 9
10 83 2
10 84 9
10 85 4
10 86 7
10 87 9
10 88 1
10 89 8
10 90 2
10 91 9
10 92 8
10 93 5
10 94 1
10 95 3
10 96 6
10 97 4
10 98 6
10 99 7
11 12 9
11 13 4
11 14 4
11 15 2
11 16 5
11 17 0
11 18 3
11 19 0
11 20 2
11 21 4
11 22 3
11 23 8
11 24 2
11 25 0
11 26 5
11 27 3
11 28 7
11 29 4
11 30 7
11 31 6
11 32 6
11 33 5
11 34 9
11 35 4
11 36 6
11 37 3
11 38 5
11 39 8
11 40 9
11 41 1
11 42 3
11 43 5
11 44 8
11 45 1
11 46 2
11 47 8
11 48 3
11 49 4
11 50 8
11 51 7
11 52 2
11 53 8
11 54 0
11 55 5
11 56 5
11 57 5
11 58 6
11 59 2
11 60 9
11 61 2
11 62 0
11 63 6
11 64 3
11 65 8
11 66 3
11 67 6
11 68 6
11 69 7
11 70 1
11 71 4
11 72 4
11 73 4
11 74 0
11 75 0
11 76 6
11 77 5
11 78 9
11 79 1
11 80 7
11 81 6
11 82 9
11 83 3
11 84 1
11 85 7
11 86 1
11 87 4
11 88 2
11 89 3
11 90 4
11 91 8
11 92 7
11 93 7
11 94 1
11 95 2
11 96 9
11 97 4
11 98 8
11 99 7
12 13 6
12 14 8
12 15 9
12 16 3
12 17 1
12 18 9
12 19 6
12 20 8
12 21 9
12 22 2
12 23 5
12 24 7
12 25 6
12 26 9
12 27 8
12 28 6
12 29 7
12 30 7
12 31 5
12 32 2
12 33 5
12 34 7
12 35 0
12 36 1
12 37 5
12 38 4
12 39 3
12 40 9
12 41 3
12 42 9
12 43 5
12 44 6
12 45 2
12 46 3
12 47 2
12 48 7
12 49 3
12 50 4
12 51 9
12 52 3
12 53 3
12 54 1
12 55 8
12 56 6
12 57 7
12 58 4
12 59 7
12 60 6
12 61 0
12 62 1
12 63 9
12 64 2
12 65 8
12 66 6
12 67 2
12 68 3
12 69 4
12 70 4
12 71 1
12 72 9
12 73 4
12 74 9
12 75 5
12 76 8
12 77 4
12 78 6
12 79 4
12 80 2
12 81 6
12 82 6
12 83 5
12 84 4
12 85 7
12 86 7
12 87 2
12 88 1
12 89 5
12 90 8
12 91 2
12 92 0
12 93 5
12 94 8
12 95 4
12 96 2
12 97 9
12 98 5
12 99 3
13 14 1
13 15 5
13 16 2
13 17 2
13 18 1
13 19 3
13 20 3
13 21 4
13 22 5
13 23 4
13 24 5
13 25 4
13 26 8
13 27 8
13 28 0
13 29 3
13 30 9
13 31 8
13 32 7
13 33 1
13 34 8
13 35 5
13 36 1
13 37 3
13 38 5
13 39 0
13 40 1
13 41 7
13 42 6
13 43 2
13 44 0
13 45 0
13 46 0
13 47 3
13 48 7
13 49 7
13 50 7
13 51 5
13 52 5
13 53 4
13 54 7
13 55 4
13 56 5
13 57 2
13 58 9
13 59 9
13 60 7
13 61 0
13 62 5
13 63 2
13 64 4
13 65 8
13 66 3
13 67 7
13 68 1
13 69 0
13 70 0
13 71 8
13 72 7
13 73 5
13 74 9
13 75 4
13 76 0
13 77 8
13 78 9
13 79 7
13 80 1
13 81 4
13 82 5
13 83 2
13 84 0
13 85 3
13 86 1
13 87 4
13 88 0
13 89 7
13 90 0
13 91 1
13 92 4
13 93 9
13 94 2
13 95 6
13 96 3
13 97 1
13 98 6
13 99 7
14 15 2
14 16 1
14 17 3
14 18 3
14 19 3
14 20 2
14 21 7
14 22 5
14 23 0
14 24 8
14 25 4
14 26 5
14 27 3
14 28 0
14 29 0
14 30 0
14 31 3
14 32 4
14 33 5
14 34 9
14 35 4
14 36 5
14 37 8
14 38 2
14 39 7
14 40 0
14 41 5
14 42 3
14 43 9
14 44 9
14 45 1
14 46 4
14 47 8
14 48 7
14 49 0
14 50 6
14 51 7
14 52 0
14 53 2
14 54 4
14 55 5
14 56 2
14 57 5
14 58 8
14 59 0
14 60 0
14 61 5
14 62 7
14 63 3
14 64 5
14 65 0
14 66 1
14 67 5
14 68 0
14 69 9
14 70 7
14 71 3
14 72 2
14 73 0
14 74 2
14 75 1
14 76 2
14 77 7
14 78 1
14 79 9
14 80 6
14 81 7
14 82 4
14 83 1
14 84 0
14 85 1
14 86 9
14 87 9
14 88 4
14 89 3
14 90 9
14 91 6
14 92 5
14 93 4
14 94 6
14 95 4
14 96 9
14 97 1
14 98 8
14 99 2
15 16 4
15 17 1
15 18 6
15 19 9
15 20 6
15 21 1
15 22 4
15 23 2
15 24 2
15 25 4
15 26 7
15 27 2
15 28 5
15 29 9
15 30 5
15 31 0
15 32 9
15 33 9
15 34 5
15 35 7
15 36 0
15 37 2
15 38 2
15 39 4
15 40 6
15 41 5
15 42 2
15 43 2
15 44 1
15 45 0
15 46 8
15 47 2
15 48 8
15 49 6
15 50 3
15 51 9
15 52 4
15 53 5
15 54 9
15 55 1
15 56 6
15 57 2
15 58 9
15 59 9
15 60 3
15 61 3
15 62 3
15 63 6
15 64 8
15 65 7
15 66 3
15 67 8
15 68 1
15 69 1
15 70 6
15 71 2
15 72 0
15 73 2
15 74 6
15 75 4
15 76 0
15 77 3
15 78 5
15 79 9
15 80 8
15 81 5
15 82 0
15 83 1
15 84 3
15 85 9
15 86 5
15 87 5
15 88 3
15 89 3
15 90 1
15 91 7
15 92 0
15 93 6
15 94 8
15 95 3
15 96 7
15 97 1
15 98 4
15 99 6
16 17 2
16 18 1
16 19 7
16 20 5
16 21 8
16 22 3
16 23 2
16 24 6
16 25 0
16 26 3
16 27 5
16 28 2
16 29 5
16 30 7
16 31 3
16 32 4
16 33 4
16 34 6
16 35 8
16 36 0
16 37 4
16 38 8
16 39 0
16 40 3
16 41 9
16 42 8
16 43 3
16 44 3
16 45 2
16 46 4
16 47 8
16 48 8
16 49 7
16 50 2
16 51 2
16 52 4
16 53 5
16 54 6
16 55 9
16 56 2
16 57 8
16 58 5
16 59 3
16 60 9
16 61 2
16 62 4
16 63 2
16 64 8
16 65 6
16 66 3
16 67 8
16 68 9
16 69 9
16 70 6
16 71 3
16 72 4
16 73 8
16 74 2
16 75 2
16 76 2
16 77 1
16 78 1
16 79 4
16 80 1
16 81 9
16 82 3
16 83 9
16 84 8
16 85 5
16 86 9
16 87 3
16 88 0
16 89 8
16 90 3
16 91 5
16 92 5
16 93 1
16 94 4
16 95 6
16 96 2
16 97 3
16 98 5
16 99 2
17 18 8
17 19 6
17 20 8
17 21 3
17 22 4
17 23 3
17 24 3
17 25 7
17 26 9
17 27 4
17 28 6
17 29 1
17 30 9
17 31 6
17 32 8
17 33 0
17 34 3
17 35 3
17 36 6
17 37 9
17 38 1
17 39 5
17 40 3
17 41 3
17 42 6
17 43 9
17 44 9
17 45 1
17 46 7
17 47 6
17 48 4
17 49 2
17 50 7
17 51 4
17 52 5
17 53 2
17 54 9
17 55 1
17 56 5
17 57 7
17 58 4
17 59 4
17 60 0
17 61 1
17 62 9
17 63 4
17 64 2
17 65 8
17 66 1
17 67 3
17 68 2
17 69 5
17 70 5
17 71 2
17 72 6
17 73 6
17 74 4
17 75 1
17 76 1
17 77 6
17 78 5
17 79 9
17 80 2
17 81 8
17 82 6
17 83 4
17 84 8
17 85 0
17 86 9
17 87 1
17 88 6
17 89 6
17 90 6
17 91 9
17 92 3
17 93 0
17 94 7
17 95 0
17 96 0
17 97 9
17 98 3
17 99 6
18 19 8
18 20 9
18 21 0
18 22 1
18 23 7
18 24 6
18 25 1
18 26 6
18 27 7
18 28 4
18 29 4
18 30 5
18 31 4
18 32 4
18 33 4
18 34 3
18 35 9
18 36 8
18 37 1
18 38 6
18 39 5
18 40 0
18 41 1
18 42 5
18 43 6
18 44 1
18 45 6
18 46 5
18 47 4
18 48 2
18 49 1
18 50 3
18 51 2
18 52 0
18 53 9
18 54 4
18 55 1
18 56 3
18 57 3
18 58 2
18 59 0
18 60 4
18 61 5
18 62 8
18 63 0
18 64 5
18 65 8
18 66 3
18 67 0
18 68 8
18 69 6
18 70 8
18 71 7
18 72 0
18 73 3
18 74 2
18 75 8
18 76 8
18 77 1
18 78 9
18 79 3
18 80 0
18 81 8
18 82 4
18 83 9
18 84 8
18 85 3
18 86 0
18 87 0
18 88 9
18 89 6
18 90 5
18 91 1
18 92 3
18 93 2
18 94 0
18 95 6
18 96 9
18 97 9
18 98 7
18 99 6
19 20 6
19 21 8
19 22 2
19 23 6
19 24 9
19 25 0
19 26 8
19 27 7
19 28 3
19 29 5
19 30 2
19 31 0
19 32 9
19 33 4
19 34 3
19 35 0
19 36 3
19 37 3
19 38 9
19 39 3
19 40 9
19 41 3
19 42 5
19 43 6
19 44 4
19 45 0
19 46 1
19 47 8
19 48 5
19 49 5
19 50 3
19 51 1
19 52 4
19 53 7
19 54 9
19 55 8
19 56 5
19 57 9
19 58 4
19 59 6
19 60 7
19 61 6
19 62 8
19 63 4
19 64 0
19 65 1
19 66 4
19 67 8
19 68 2
19 69 9
19 70 3
19 71 0
19 72 4
19 73 0
19 74 5
19 75 2
19 76 0
19 77 4
19 78 1
19 79 1
19 80 0
19 81 5
19 82 7
19 83 6
19 84 3
19 85 6
19 86 7
19 87 5
19 88 3
19 89 9
19 90 3
19 91 8
19 92 7
19 93 5
19 94 9
19 95 8
19 96 7
19 97 8
19 98 9
19 99 7
20 21 5
20 22 8
20 23 0
20 24 5
20 25 0
20 26 9
20 27 0
20 28 9
20 29 4
20 30 9
20 31 9
20 32 1
20 33 4
20 34 5
20 35 2
20 36 0
20 37 7
20 38 3
20 39 6
20 40 5
20 41 5
20 42 3
20 43 2
20 44 9
20 45 2
20 46 8
20 47 1
20 48 6
20 49 4
20 50 9
20 51 4
20 52 0
20 53 2
20 54 3
20 55 1
20 56 6
20 57 9
20 58 7
20 59 8
20 60 4
20 61 9
20 62 7
20 63 4
20 64 7
20 65 7
20 66 5
20 67 5
20 68 8
20 69 4
20 70 4
20 71 2
20 72 9
20 73 7
20 74 7
20 75 5
20 76 1
20 77 2
20 78 4
20 79 1
20 80 1
20 81 6
20 82 5
20 83 6
20 84 7
20 85 3
20 86 6
20 87 5
20 88 0
20 89 6
20 90 0
20 91 2
20 92 5
20 93 8
20 94 5
20 95 8
20 96 7
20 97 8
20 98 4
20 99 5
21 22 5
21 23 6
21 24 5
21 25 6
21 26 8
21 27 3
21 28 6
21 29 0
21 30 5
21 31 7
21 32 5
21 33 4
21 34 6
21 35 4
21 36 9
21 37 7
21 38 7
21 39 9
21 40 2
21 41 8
21 42 2
21 43 5
21 44 8
21 45 9
21 46 5
21 47 9
21 48 5
21 49 8
21 50 8
21 51 4
21 52 1
21 53 3
21 54 9
21 55 2
21 56 8
21 57 3
21 58 7
21 59 0
21 60 2
21 61 8
21 62 3
21 63 7
21 64 4
21 65 1
21 66 7
21 67 7
21 68 6
21 69 2
21 70 0
21 71 3
21 72 0
21 73 7
21 74 5
21 75 3
21 76 2
21 77 3
21 78 4
21 79 4
21 80 4
21 81 7
21 82 5
21 83 6
21 84 1
21 85 9
21 86 2
21 87 9
21 88 4
21 89 9
21 90 2
21 91 9
21 92 1
21 93 4
21 94 1
21 95 8
21 96 3
21 97 3
21 98 1
21 99 1
22 23 1
22 24 0
22 25 3
22 26 4
22 27 8
22 28 9
22 29 9
22 30 2
22 31 1
22 32 7
22 33 9
22 34 0
22 35 1
22 36 7
22 37 0
22 38 1
22 39 7
22 40 6
22 41 3
22 42 9
22 43 1
22 44 7
22 45 6
22 46 1
22 47 2
22 48 8
22 49 4
22 50 6
22 51 1
22 52 0
22 53 7
22 54 8
22 55 6
22 56 7
22 57 9
22 58 0
22 59 4
22 60 6
22 61 0
22 62 6
22 63 1
22 64 4
22 65 9
22 66 0
22 67 4
22 68 3
22 69 0
22 70 6
22 71 8
22 72 9
22 73 9
22 74 7
22 75 3
22 76 6
22 77 2
22 78 1
22 79 0
22 80 8
22 81 6
22 82 1
22 83 7
22 84 9
22 85 2
22 86 9
22 87 1
22 88 2
22 89 0
22 90 3
22 91 8
22 92 0
22 93 1
22 94 5
22 95 3
22 96 6
22 97 3
22 98 0
22 99 4
23 24 1
23 25 0
23 26 5
23 27 5
23 28 8
23 29 4
23 30 1
23 31 7
23 32 5
23 33 4
23 34 0
23 35 0
23 36 4
23 37 2
23 38 5
23 39 4
23 40 6
23 41 7
23 42 9
23 43 8
23 44 2
23 45 9
23 46 2
23 47 3
23 48 5
23 49 6
23 50 9
23 51 7
23 52 9
23 53 1
23 54 9
23 55 4
23 56 8
23 57 5
23 58 3
23 59 3
23 60 2
23 61 7
23 62 6
23 63 2
23 64 2
23 65 2
23 66 9
23 67 4
23 68 3
23 69 1
23 70 1
23 71 7
23 72 4
23 73 2
23 74 5
23 75 1
23 76 7
23 77 3
23 78 3
23 79 6
23 80 3
23 81 4
23 82 8
23 83 5
23 84 2
23 85 7
23 86 0
23 87 4
23 88 9
23 89 0
23 90 0
23 91 1
23 92 9
23 93 8
23 94 9
23 95 2
23 96 1
23 97 6
23 98 1
23 99 7
24 25 8
24 26 2
24 27 5
24 28 0
24 29 2
24 30 3
24 31 6
24 32 0
24 33 9
24 34 7
24 35 7
24 36 6
24 37 0
24 38 8
24 39 1
24 40 8
24 41 9
24 42 2
24 43 5
24 44 0
24 45 3
24 46 0
24 47 5
24 48 4
24 49 4
24 50 6
24 51 3
24 52 5
24 53 2
24 54 1
24 55 9
24 56 9
24 57 0
24 58 2
24 59 6
24 60 6
24 61 6
24 62 3
24 63 3
24 64 1
24 65 7
24 66 7
24 67 0
24 68 7
24 69 2
24 70 9
24 71 3
24 72 6
24 73 4
24 74 7
24 75 6
24 76 9
24 77 8
24 78 7
24 79 5
24 80 8
24 81 7
24 82 8
24 83 5
24 84 1
24 85 4
24 86 8
24 87 1
24 88 8
24 89 1
24 90 7
24 91 8
24 92 7
24 93 7
24 94 9
24 95 3
24 96 2
24 97 8
24 98 2
24 99 2
25 26 6
25 27 6
25 28 8
25 29 8
25 30 8
25 31 5
25 32 6
25 33 6
25 34 5
25 35 8
25 36 0
25 37 4
25 38 7
25 39 5
25 40 0
25 41 6
25 42 4
25 43 8
25 44 9
25 45 7
25 46 8
25 47 8
25 48 4
25 49 8
25 50 8
25 51 0
25 52 4
25 53 2
25 54 7
25 55 7
25 56 7
25 57 2
25 58 4
25 59 6
25 60 2
25 61 7
25 62 9
25 63 0
25 64 7
25 65 5
25 66 9
25 67 4
25 68 2
25 69 6
25 70 2
25 71 6
25 72 7
25 73 9
25 74 3
25 75 4
25 76 7
25 77 7
25 78 1
25 79 3
25 80 4
25 81 4
25 82 3
25 83 9
25 84 7
25 85 8
25 86 5
25 87 6
25 88 4
25 89 8
25 90 5
25 91 2
25 92 1
25 93 2
25 94 1
25 95 2
25 96 6
25 97 9
25 98 5
25 99 9
26 27 4
26 28 8
26 29 9
26 30 6
26 31 1
26 32 3
26 33 6
26 34 1
26 35 9
26 36 9
26 37 2
26 38 3
26 39 3
26 40 4
26 41 9
26 42 5
26 43 1
26 44 0
26 45 5
26 46 5
26 47 2
26 48 6
26 49 4
26 50 4
26 51 0
26 52 4
26 53 7
26 54 6
26 55 2
26 56 4
26 57 3
26 58 0
26 59 7
26 60 3
26 61 9
26 62 6
26 63 9
26 64 3
26 65 5
26 66 5
26 67 6
26 68 0
26 69 4
26 70 0
26 71 1
26 72 9
26 73 3
26 74 5
26 75 9
26 76 6
26 77 4
26 78 6
26 79 2
26 80 3
26 81 6
26 82 8
26 83 3
26 84 3
26 85 2
26 86 9
26 87 2
26 88 1
26 89 5
26 90 3
26 91 5
26 92 2
26 93 9
26 94 3
26 95 2
26 96 8
26 97 3
26 98 4
26 99 3
27 28 7
27 29 1
27 30 4
27 31 8
27 32 2
27 33 0
27 34 0
27 35 6
27 36 6
27 37 6
27 38 1
27 39 3
27 40 5
27 41 0
27 42 0
27 43 1
27 44 0
27 45 7
27 46 0
27 47 6
27 48 8
27 49 0
27 50 8
27 51 2
27 52 1
27 53 2
27 54 4
27 55 5
27 56 9
27 57 2
27 58 2
27 59 2
27 60 4
27 61 5
27 62 3
27 63 4
27 64 0
27 65 5
27 66 7
27 67 7
27 68 6
27 69 8
27 70 0
27 71 2
27 72 2
27 73 1
27 74 9
27 75 4
27 76 5
27 77 6
27 78 0
27 79 9
27 80 6
27 81 3
27 82 3
27 83 0
27 84 0
27 85 0
27 86 3
27 87 2
27 88 5
27 89 4
27 90 3
27 91 3
27 92 9
27 93 5
27 94 5
27 95 5
27 96 1
27 97 5
27 98 8
27 99 6
28 29 6
28 30 3
28 31 3
28 32 4
28 33 7
28 34 9
28 35 6
28 36 4
28 37 3
28 38 4
28 39 5
28 40 4
28 41 0
28 42 9
28 43 8
28 44 2
28 45 3
28 46 7
28 47 0
28 48 3
28 49 9
28 50 0
28 51 4
28 52 1
28 53 5
28 54 2
28 55 3
28 56 3
28 57 0
28 58 8
28 59 7
28 60 1
28 61 1
28 62 2
28 63 1
28 64 4
28 65 6
28 66 8
28 67 9
28 68 8
28 69 6
28 70 6
28 71 4
28 72 5
28 73 0
28 74 9
28 75 4
28 76 6
28 77 2
28 78 5
28 79 7
28 80 9
28 81 4
28 82 3
28 83 3
28 84 4
28 85 2
28 86 4
28 87 5
28 88 9
28 89 7
28 90 6
28 91 2
28 92 1
28 93 7
28 94 2
28 95 6
28 96 8
28 97 2
28 98 9
28 99 4
29 30 0
29 31 4
29 32 6
29 33 4
29 34 6
29 35 8
29 36 8
29 37 5
29 38 4
29 39 7
29 40 2
29 41 6
29 42 1
29 43 4
29 44 6
29 45 7
29 46 1
29 47 7
29 48 4
29 49 9
29 50 1
29 51 5
29 52 6
29 53 1
29 54 8
29 55 5
29 56 3
29 57 5
29 58 3
29 59 8
29 60 4
29 61 2
29 62 6
29 63 3
29 64 2
29 65 1
29 66 9
29 67 1
29 68 2
29 69 1
29 70 1
29 71 3
29 72 2
29 73 9
29 74 4
29 75 1
29 76 0
29 77 3
29 78 2
29 79 3
29 80 2
29 81 8
29 82 9
29 83 4
29 84 0
29 85 0
29 86 7
29 87 1
29 88 9
29 89 6
29 90 2
29 91 7
29 92 0
29 93 9
29 94 4
29 95 9
29 96 4
29 97 6
29 98 7
29 99 7
30 31 5
30 32 9
30 33 8
30 34 7
30 35 9
30 36 6
30 37 5
30 38 3
30 39 2
30 40 0
30 41 1
30 42 0
30 43 8
30 44 3
30 45 1
30 46 6
30 47 7
30 48 6
30 49 4
30 50 7
30 51 8
30 52 1
30 53 6
30 54 4
30 55 0
30 56 8
30 57 6
30 58 3
30 59 5
30 60 2
30 61 3
30 62 5
30 63 9
30 64 2
30 65 6
30 66 8
30 67 5
30 68 5
30 69 9
30 70 7
30 71 2
30 72 6
30 73 8
30 74 4
30 75 0
30 76 6
30 77 1
30 78 9
30 79 0
30 80 9
30 81 4
30 82 6
30 83 1
30 84 9
30 85 3
30 86 3
30 87 3
30 88 7
30 89 0
30 90 8
30 91 8
30 92 6
30 93 5
30 94 0
30 95 1
30 96 4
30 97 3
30 98 9
30 99 7
31 32 7
31 33 8
31 34 8
31 35 4
31 36 2
31 37 8
31 38 1
31 39 3
31 40 4
31 41 0
31 42 5
31 43 1
31 44 5
31 45 8
31 46 7
31 47 0
31 48 3
31 49 9
31 50 8
31 51 2
31 52 2
31 53 2
31 54 6
31 55 2
31 56 6
31 57 1
31 58 7
31 59 1
31 60 5
31 61 0
31 62 5
31 63 9
31 64 2
31 65 4
31 66 4
31 67 3
31 68 1
31 69 3
31 70 5
31 71 8
31 72 2
31 73 2
31 74 6
31 75 3
31 76 9
31 77 6
31 78 4
31 79 1
31 80 4
31 81 4
31 82 2
31 83 1
31 84 7
31 85 4
31 86 9
31 87 2
31 88 7
31 89 8
31 90 7
31 91 4
31 92 9
31 93 1
31 94 7
31 95 7
31 96 6
31 97 2
31 98 8
31 99 7
32 33 1
32 34 2
32 35 1
32 36 8
32 37 5
32 38 4
32 39 1
32 40 2
32 41 0
32 42 1
32 43 8
32 44 0
32 45 4
32 46 0
32 47 2
32 48 0
32 49 3
32 50 5
32 51 9
32 52 6
32 53 0
32 54 2
32 55 0
32 56 9
32 57 8
32 58 4
32 59 8
32 60 6
32 61 3
32 62 1
32 63 4
32 64 5
32 65 0
32 66 0
32 67 3
32 68 0
32 69 7
32 70 4
32 71 4
32 72 1
32 73 9
32 74 0
32 75 6
32 76 3
32 77 9
32 78 5
32 79 3
32 80 1
32 81 0
32 82 4
32 83 8
32 84 8
32 85 4
32 86 0
32 87 3
32 88 3
32 89 7
32 90 1
32 91 5
32 92 3
32 93 0
32 94 8
32 95 6
32 96 1
32 97 9
32 98 9
32 99 0
33 34 9
33 35 6
33 36 4
33 37 0
33 38 0
33 39 7
33 40 4
33 41 8
33 42 5
33 43 2
33 44 5
33 45 0
33 46 3
33 47 9
33 48 1
33 49 6
33 50 7
33 51 5
33 52 5
33 53 4
33 54 2
33 55 9
33 56 2
33 57 6
33 58 0
33 59 4
33 60 1
33 61 6
33 62 6
33 63 7
33 64 5
33 65 0
33 66 0
33 67 3
33 68 6
33 69 0
33 70 3
33 71 4
33 72 8
33 73 1
33 74 7
33 75 4
33 76 9
33 77 3
33 78 4
33 79 0
33 80 8
33 81 8
33 82 0
33 83 6
33 84 8
33 85 9
33 86 8
33 87 9
33 88 0
33 89 5
33 90 2
33 91 8
33 92 9
33 93 2
33 94 5
33 95 3
33 96 9
33 97 8
33 98 5
33 99 0
34 35 4
34 36 4
34 37 7
34 38 1
34 39 6
34 40 6
34 41 1
34 42 3
34 43 7
34 44 8
34 45 5
34 46 2
34 47 5
34 48 3
34 49 2
34 50 3
34 51 1
34 52 9
34 53 4
34 54 4
34 55 4
34 56 5
34 57 0
34 58 3
34 59 9
34 60 0
34 61 4
34 62 0
34 63 6
34 64 8
34 65 9
34 66 1
34 67 4
34 68 7
34 69 7
34 70 4
34 71 4
34 72 1
34 73 8
34 74 8
34 75 4
34 76 5
34 77 7
34 78 3
34 79 8
34 80 3
34 81 1
34 82 5
34 83 1
34 84 2
34 85 5
34 86 9
34 87 1
34 88 5
34 89 7
34 90 8
34 91 0
34 92 1
34 93 9
34 94 0
34 95 0
34 96 6
34 97 6
34 98 8
34 99 0
35 36 6
35 37 7
35 38 2
35 39 0
35 40 1
35 41 8
35 42 1
35 43 2
35 44 7
35 45 9
35 46 5
35 47 1
35 48 7
35 49 6
35 50 0
35 51 3
35 52 4
35 53 0
35 54 9
35 55 9
35 56 9
35 57 0
35 58 8
35 59 3
35 60 7
35 61 7
35 62 8
35 63 3
35 64 1
35 65 1
35 66 5
35 67 1
35 68 5
35 69 4
35 70 5
35 71 2
35 72 7
35 73 4
35 74 0
35 75 3
35 76 6
35 77 1
35 78 3
35 79 6
35 80 8
35 81 6
35 82 8
35 83 0
35 84 7
35 85 5
35 86 1
35 87 6
35 88 6
35 89 1
35 90 9
35 91 7
35 92 9
35 93 9
35 94 3
35 95 4
35 96 4
35 97 6
35 98 2
35 99 3
36 37 6
36 38 0
36 39 7
36 40 1
36 41 2
36 42 6
36 43 1
36 44 0
36 45 2
36 46 4
36 47 3
36 48 8
36 49 1
36 50 3
36 51 3
36 52 9
36 53 5
36 54 0
36 55 0
36 56 6
36 57 4
36 58 6
36 59 0
36 60 2
36 61 1
36 62 7
36 63 7
36 64 1
36 65 4
36 66 0
36 67 1
36 68 6
36 69 6
36 70 7
36 71 5
36 72 0
36 73 3
36 74 8
36 75 3
36 76 6
36 77 4
36 78 9
36 79 2
36 80 6
36 81 6
36 82 8
36 83 6
36 84 7
36 85 2
36 86 6
36 87 0
36 88 2
36 89 7
36 90 4
36 91 9
36 92 7
36 93 7
36 94 5
36 95 2
36 96 7
36 97 1
36 98 1
36 99 5
37 38 2
37 39 2
37 40 5
37 41 5
37 42 6
37 43 2
37 44 2
37 45 6
37 46 4
37 47 1
37 48 6
37 49 3
37 50 7
37 51 4
37 52 6
37 53 1
37 54 2
37 55 0
37 56 2
37 57 6
37 58 0
37 59 6
37 60 0
37 61 6
37 62 5
37 63 9
37 64 9
37 65 3
37 66 4
37 67 0
37 68 3
37 69 1
37 70 0
37 71 8
37 72 8
37 73 9
37 74 2
37 75 0
37 76 7
37 77 5
37 78 1
37 79 7
37 80 0
37 81 1
37 82 5
37 83 1
37 84 2
37 85 7
37 86 0
37 87 6
37 88 0
37 89 7
37 90 0
37 91 9
37 92 1
37 93 0
37 94 0
37 95 2
37 96 9
37 97 4
37 98 8
37 99 2
38 39 2
38 40 2
38 41 1
38 42 3
38 43 1
38 44 5
38 45 3
38 46 4
38 47 3
38 48 3
38 49 4
38 50 5
38 51 3
38 52 3
38 53 7
38 54 4
38 55 4
38 56 7
38 57 5
38 58 8
38 59 6
38 60 4
38 61 1
38 62 4
38 63 2
38 64 0
38 65 2
38 66 3
38 67 2
38 68 5
38 69 4
38 70 1
38 71 4
38 72 8
38 73 5
38 74 6
38 75 3
38 76 8
38 77 9
38 78 4
38 79 3
38 80 7
38 81 0
38 82 5
38 83 5
38 84 7
38 85 5
38 86 4
38 87 6
38 88 1
38 89 5
38 90 7
38 91 6
38 92 9
38 93 2
38 94 9
38 95 0
38 96 4
38 97 1
38 98 1
38 99 3
39 40 0
39 41 3
39 42 3
39 43 8
39 44 6
39 45 1
39 46 8
39 47 6
39 48 3
39 49 0
39 50 8
39 51 7
39 52 2
39 53 7
39 54 4
39 55 2
39 56 8
39 57 4
39 58 9
39 59 7
39 60 4
39 61 1
39 62 7
39 63 0
39 64 1
39 65 3
39 66 2
39 67 6
39 68 5
39 69 8
39 70 5
39 71 2
39 72 4
39 73 1
39 74 4
39 75 7
39 76 4
39 77 9
39 78 2
39 79 5
39 80 6
39 81 2
39 82 9
39 83 1
39 84 1
39 85 0
39 86 6
39 87 8
39 88 6
39 89 6
39 90 1
39 91 7
39 92 2
39 93 9
39 94 9
39 95 8
39 96 7
39 97 9
39 98 7
39 99 7
40 41 3
40 42 9
40 43 6
40 44 2
40 45 6
40 46 2
40 47 3
40 48 6
40 49 1
40 50 1
40 51 7
40 52 8
40 53 7
40 54 8
40 55 0
40 56 2
40 57 7
40 58 1
40 59 6
40 60 0
40 61 3
40 62 0
40 63 7
40 64 2
40 65 4
40 66 4
40 67 5
40 68 9
40 69 9
40 70 8
40 71 2
40 72 1
40 73 0
40 74 7
40 75 4
40 76 4
40 77 0
40 78 9
40 79 7
40 80 3
40 81 0
40 82 2
40 83 4
40 84 7
40 85 8
40 86 2
40 87 9
40 88 2
40 89 1
40 90 6
40 91 6
40 92 5
40 93 2
40 94 5
40 95 4
40 96 5
40 97 7
40 98 2
40 99 6
41 42 5
41 43 3
41 44 5
41 45 9
41 46 3
41 47 9
41 48 6
41 49 2
41 50 9
41 51 4
41 52 6
41 53 9
41 54 2
41 55 0
41 56 1
41 57 0
41 58 7
41 59 0
41 60 6
41 61 1
41 62 4
41 63 1
41 64 8
41 65 5
41 66 0
41 67 8
41 68 9
41 69 7
41 70 6
41 71 9
41 72 0
41 73 9
41 74 9
41 75 1
41 76 8
41 77 7
41 78 0
41 79 6
41 80 2
41 81 1
41 82 6
41 83 7
41 84 7
41 85 1
41 86 3
41 87 5
41 88 3
41 89 6
41 90 9
41 91 8
41 92 7
41 93 9
41 94 0
41 95 5
41 96 2
41 97 8
41 98 9
41 99 0
42 43 3
42 44 4
42 45 3
42 46 1
42 47 4
42 48 8
42 49 4
42 50 8
42 51 6
42 52 6
42 53 7
42 54 4
42 55 7
42 56 5
42 57 1
42 58 7
42 59 9
42 60 3
42 61 5
42 62 7
42 63 6
42 64 7
42 65 1
42 66 7
42 67 4
42 68 1
42 69 8
42 70 8
42 71 8
42 72 8
42 73 7
42 74 4
42 75 9
42 76 2
42 77 4
42 78 2
42 79 8
42 80 3
42 81 0
42 82 1
42 83 6
42 84 4
42 85 8
42 86 0
42 87 4
42 88 8
42 89 1
42 90 7
42 91 7
42 92 9
42 93 7
42 94 2
42 95 1
42 96 8
42 97 3
42 98 5
42 99 5
43 44 1
43 45 8
43 46 7
43 47 5
43 48 5
43 49 6
43 50 5
43 51 6
43 52 1
43 53 2
43 54 9
43 55 0
43 56 8
43 57 4
43 58 7
43 59 5
43 60 7
43 61 5
43 62 4
43 63 8
43 64 6
43 65 2
43 66 0
43 67 7
43 68 2
43 69 3
43 70 4
43 71 4
43 72 1
43 73 6
43 74 8
43 75 1
43 76 4
43 77 4
43 78 7
43 79 2
43 80 6
43 81 6
43 82 8
43 83 9
43 84 3
43 85 6
43 86 1
43 87 3
43 88 4
43 89 8
43 90 7
43 91 8
43 92 7
43 93 7
43 94 3
43 95 8
43 96 7
43 97 6
43 98 7
43 99 0
44 45 9
44 46 6
44 47 2
44 48 5
44 49 9
44 50 8
44 51 1
44 52 3
44 53 5
44 54 0
44 55 6
44 56 8
44 57 3
44 58 9
44 59 9
44 60 5
44 61 1
44 62 0
44 63 5
44 64 4
44 65 3
44 66 5
44 67 8
44 68 0
44 69 9
44 70 6
44 71 9
44 72 9
44 73 4
44 74 8
44 75 5
44 76 8
44 77 8
44 78 1
44 79 5
44 80 3
44 81 6
44 82 1
44 83 0
44 84 9
44 85 4
44 86 6
44 87 9
44 88 5
44 89 3
44 90 9
44 91 9
44 92 4
44 93 9
44 94 4
44 95 1
44 96 6
44 97 9
44 98 5
44 99 8
45 46 5
45 47 2
45 48 5
45 49 7
45 50 6
45 51 5
45 52 7
45 53 9
45 54 0
45 55 4
45 56 9
45 57 6
45 58 7
45 59 9
45 60 5
45 61 2
45 62 4
45 63 2
45 64 2
45 65 4
45 66 9
45 67 0
45 68 3
45 69 9
45 70 5
45 71 2
45 72 0
45 73 0
45 74 8
45 75 0
45 76 4
45 77 2
45 78 5
45 79 7
45 80 0
45 81 7
45 82 5
45 83 8
45 84 5
45 85 9
45 86 9
45 87 3
45 88 3
45 89 4
45 90 6
45 91 3
45 92 7
45 93 3
45 94 8
45 95 7
45 96 7
45 97 6
45 98 5
45 99 9
46 47 9
46 48 6
46 49 4
46 50 8
46 51 8
46 52 8
46 53 7
46 54 8
46 55 2
46 56 4
46 57 9
46 58 6
46 59 4
46 60 0
46 61 0
46 62 7
46 63 5
46 64 7
46 65 0
46 66 3
46 67 7
46 68 4
46 69 5
46 70 0
46 71 8
46 72 1
46 73 9
46 74 6
46 75 7
46 76 4
46 77 9
46 78 3
46 79 3
46 80 4
46 81 4
46 82 0
46 83 2
46 84 6
46 85 7
46 86 7
46 87 1
46 88 9
46 89 1
46 90 8
46 91 8
46 92 8
46 93 5
46 94 1
46 95 3
46 96 4
46 97 0
46 98 1
46 99 6
47 48 3
47 49 7
47 50 0
47 51 3
47 52 0
47 53 1
47 54 6
47 55 8
47 56 2
47 57 1
47 58 4
47 59 4
47 60 4
47 61 3
47 62 6
47 63 9
47 64 2
47 65 2
47 66 1
47 67 6
47 68 1
47 69 8
47 70 5
47 71 2
47 72 4
47 73 4
47 74 3
47 75 0
47 76 2
47 77 1
47 78 2
47 79 9
47 80 6
47 81 7
47 82 4
47 83 9
47 84 8
47 85 1
47 86 5
47 87 5
47 88 5
47 89 3
47 90 4
47 91 6
47 92 9
47 93 2
47 94 1
47 95 9
47 96 8
47 97 2
47 98 2
47 99 0
48 49 9
48 50 6
48 51 2
48 52 4
48 53 2
48 54 1
48 55 7
48 56 5
48 57 6
48 58 1
48 59 5
48 60 5
48 61 6
48 62 6
48 63 8
48 64 4
48 65 2
48 66 2
48 67 5
48 68 6
48 69 5
48 70 2
48 71 4
48 72 6
48 73 8
48 74 2
48 75 1
48 76 6
48 77 0
48 78 0
48 79 9
48 80 4
48 81 6
48 82 3
48 83 4
48 84 5
48 85 9
48 86 0
48 87 6
48 88 1
48 89 1
48 90 2
48 91 2
48 92 0
48 93 5
48 94 8
48 95 7
48 96 0
48 97 5
48 98 0
48 99 5
49 50 4
49 51 0
49 52 0
49 53 6
49 54 4
49 55 5
49 56 9
49 57 2
49 58 0
49 59 7
49 60 4
49 61 5
49 62 7
49 63 7
49 64 2
49 65 8
49 66 7
49 67 9
49 68 2
49 69 1
49 70 0
49 71 7
49 72 3
49 73 2
49 74 9
49 75 5
49 76 4
49 77 1
49 78 2
49 79 6
49 80 6
49 81 4
49 82 4
49 83 1
49 84 4
49 85 2
49 86 7
49 87 1
49 88 9
49 89 7
49 90 5
49 91 1
49 92 3
49 93 0
49 94 2
49 95 9
49 96 5
49 97 1
49 98 8
49 99 2
50 51 4
50 52 6
50 53 0
50 54 5
50 55 8
50 56 0
50 57 2
50 58 0
50 59 1
50 60 2
50 61 1
50 62 7
50 63 3
50 64 5
50 65 3
50 66 5
50 67 4
50 68 5
50 69 8
50 70 0
50 71 2
50 72 0
50 73 7
50 74 0
50 75 2
50 76 2
50 77 6
50 78 6
50 79 2
50 80 9
50 81 4
50 82 1
50 83 8
50 84 1
50 85 7
50 86 2
50 87 0
50 88 0
50 89 2
50 90 7
50 91 4
50 92 7
50 93 7
50 94 2
50 95 7
50 96 7
50 97 2
50 98 2
50 99 9
51 52 4
51 53 6
51 54 5
51 55 0
51 56 3
51 57 7
51 58 1
51 59 3
51 60 9
51 61 5
51 62 5
51 63 4
51 64 1
51 65 2
51 66 7
51 67 3
51 68 6
51 69 1
51 70 7
51 71 8
51 72 7
51 73 6
51 74 1
51 75 8
51 76 9
51 77 5
51 78 6
51 79 0
51 80 5
51 81 4
51 82 0
51 83 0
51 84 2
51 85 4
51 86 7
51 87 1
51 88 2
51 89 7
51 90 4
51 91 7
51 92 7
51 93 4
51 94 3
51 95 7
51 96 7
51 97 6
51 98 5
51 99 2
52 53 1
52 54 3
52 55 0
52 56 9
52 57 7
52 58 9
52 59 7
52 60 8
52 61 3
52 62 3
52 63 4
52 64 8
52 65 1
52 66 6
52 67 8
52 68 8
52 69 5
52 70 0
52 71 3
52 72 3
52 73 1
52 74 4
52 75 8
52 76 8
52 77 6
52 78 8
52 79 2
52 80 2
52 81 3
52 82 2
52 83 9
52 84 7
52 85 1
52 86 1
52 87 0
52 88 3
52 89 8
52 90 9
52 91 1
52 92 4
52 93 4
52 94 5
52 95 9
52 96 9
52 97 4
52 98 1
52 99 5
53 54 4
53 55 4
53 56 7
53 57 1
53 58 1
53 59 5
53 60 0
53 61 3
53 62 3
53 63 6
53 64 9
53 65 3
53 66 7
53 67 9
53 68 8
53 69 0
53 70 8
53 71 2
53 72 0
53 73 6
53 74 9
53 75 8
53 76 8
53 77 8
53 78 9
53 79 2
53 80 7
53 81 0
53 82 4
53 83 7
53 84 0
53 85 2
53 86 3
53 87 3
53 88 4
53 89 5
53 90 2
53 91 4
53 92 9
53 93 0
53 94 7
53 95 3
53 96 4
53 97 5
53 98 2
53 99 4
54 55 5
54 56 1
54 57 2
54 58 6
54 59 7
54 60 3
54 61 4
54 62 1
54 63 6
54 64 5
54 65 4
54 66 7
54 67 7
54 68 2
54 69 2
54 70 0
54 71 6
54 72 2
54 73 8
54 74 7
54 75 1
54 76 7
54 77 8
54 78 1
54 79 6
54 80 0
54 81 8
54 82 0
54 83 8
54 84 6
54 85 1
54 86 7
54 87 8
54 88 3
54 89 0
54 90 5
54 91 8
54 92 8
54 93 4
54 94 4
54 95 1
54 96 1
54 97 2
54 98 8
54 99 1
55 56 1
55 57 8
55 58 1
55 59 3
55 60 7
55 61 2
55 62 6
55 63 9
55 64 9
55 65 8
55 66 4
55 67 9
55 68 5
55 69 8
55 70 1
55 71 8
55 72 0
55 73 5
55 74 2
55 75 6
55 76 7
55 77 6
55 78 7
55 79 7
55 80 1
55 81 0
55 82 2
55 83 4
55 84 9
55 85 6
55 86 9
55 87 4
55 88 3
55 89 9
55 90 7
55 91 1
55 92 4
55 93 1
55 94 4
55 95 5
55 96 3
55 97 4
55 98 6
55 99 8
56 57 4
56 58 5
56 59 3
56 60 2
56 61 1
56 62 2
56 63 8
56 64 6
56 65 8
56 66 8
56 67 3
56 68 0
56 69 8
56 70 2
56 71 8
56 72 7
56 73 7
56 74 2
56 75 4
56 76 8
56 77 7
56 78 2
56 79 7
56 80 1
56 81 6
56 82 0
56 83 6
56 84 9
56 85 2
56 86 0
56 87 9
56 88 8
56 89 3
56 90 7
56 91 9
56 92 0
56 93 2
56 94 0
56 95 5
56 96 2
56 97 4
56 98 9
56 99 5
57 58 7
57 59 4
57 60 9
57 61 4
57 62 7
57 63 5
57 64 9
57 65 9
57 66 4
57 67 4
57 68 2
57 69 8
57 70 0
57 71 9
57 72 1
57 73 1
57 74 4
57 75 0
57 76 5
57 77 5
57 78 0
57 79 0
57 80 6
57 81 4
57 82 8
57 83 1
57 84 1
57 85 6
57 86 9
57 87 2
57 88 4
57 89 7
57 90 0
57 91 3
57 92 1
57 93 6
57 94 0
57 95 5
57 96 9
57 97 7
57 98 4
57 99 7
58 59 7
58 60 1
58 61 9
58 62 1
58 63 3
58 64 1
58 65 6
58 66 3
58 67 8
58 68 2
58 69 8
58 70 2
58 71 0
58 72 4
58 73 8
58 74 1
58 75 3
58 76 3
58 77 2
58 78 7
58 79 8
58 80 7
58 81 5
58 82 6
58 83 7
58 84 9
58 85 6
58 86 5
58 87 6
58 88 0
58 89 5
58 90 2
58 91 4
58 92 3
58 93 8
58 94 9
58 95 2
58 96 4
58 97 1
58 98 4
58 99 6
59 60 6
59 61 4
59 62 5
59 63 9
59 64 3
59 65 6
59 66 7
59 67 5
59 68 0
59 69 5
59 70 1
59 71 5
59 72 4
59 73 7
59 74 1
59 75 8
59 76 6
59 77 9
59 78 0
59 79 6
59 80 3
59 81 0
59 82 3
59 83 1
59 84 3
59 85 4
59 86 5
59 87 7
59 88 7
59 89 0
59 90 6
59 91 1
59 92 2
59 93 9
59 94 2
59 95 1
59 96 0
59 97 7
59 98 1
59 99 9
60 61 8
60 62 6
60 63 0
60 64 3
60 65 1
60 66 3
60 67 7
60 68 5
60 69 9
60 70 4
60 71 2
60 72 3
60 73 2
60 74 0
60 75 4
60 76 5
60 77 0
60 78 2
60 79 3
60 80 0
60 81 2
60 82 8
60 83 6
60 84 1
60 85 6
60 86 6
60 87 3
60 88 4
60 89 3
60 90 3
60 91 2
60 92 3
60 93 7
60 94 4
60 95 5
60 96 6
60 97 3
60 98 3
60 99 6
61 62 9
61 63 4
61 64 3
61 65 2
61 66 3
61 67 3
61 68 9
61 69 7
61 70 1
61 71 4
61 72 0
61 73 7
61 74 8
61 75 3
61 76 1
61 77 5
61 78 9
61 79 0
61 80 8
61 81 1
61 82 2
61 83 8
61 84 0
61 85 1
61 86 0
61 87 1
61 88 7
61 89 5
61 90 2
61 91 5
61 92 1
61 93 5
61 94 1
61 95 4
61 96 1
61 97 4
61 98 5
61 99 5
62 63 8
62 64 5
62 65 0
62 66 1
62 67 0
62 68 4
62 69 0
62 70 6
62 71 3
62 72 8
62 73 2
62 74 7
62 75 3
62 76 5
62 77 7
62 78 4
62 79 9
62 80 7
62 81 4
62 82 8
62 83 2
62 84 1
62 85 9
62 86 6
62 87 9
62 88 4
62 89 0
62 90 3
62 91 5
62 92 3
62 93 2
62 94 1
62 95 0
62 96 9
62 97 1
62 98 9
62 99 8
63 64 9
63 65 1
63 66 5
63 67 0
63 68 7
63 69 9
63 70 0
63 71 7
63 72 5
63 73 1
63 74 0
63 75 0
63 76 8
63 77 1
63 78 9
63 79 8
63 80 2
63 81 5
63 82 4
63 83 4
63 84 1
63 85 3
63 86 8
63 87 8
63 88 9
63 89 3
63 90 6
63 91 7
63 92 7
63 93 7
63 94 5
63 95 3
63 96 9
63 97 4
63 98 2
63 99 8
64 65 2
64 66 6
64 67 8
64 68 5
64 69 9
64 70 6
64 71 9
64 72 8
64 73 0
64 74 5
64 75 9
64 76 1
64 77 0
64 78 3
64 79 1
64 80 6
64 81 0
64 82 4
64 83 4
64 84 8
64 85 0
64 86 9
64 87 1
64 88 9
64 89 0
64 90 5
64 91 5
64 92 3
64 93 8
64 94 6
64 95 9
64 96 0
64 97 2
64 98 2
64 99 7
65 66 5
65 67 5
65 68 1
65 69 9
65 70 2
65 71 7
65 72 1
65 73 0
65 74 7
65 75 7
65 76 0
65 77 5
65 78 9
65 79 8
65 80 0
65 81 7
65 82 3
65 83 6
65 84 5
65 85 6
65 86 5
65 87 3
65 88 1
65 89 7
65 90 3
65 91 8
65 92 4
65 93 2
65 94 4
65 95 1
65 96 7
65 97 8
65 98 7
65 99 9
66 67 3
66 68 2
66 69 3
66 70 5
66 71 9
66 72 4
66 73 7
66 74 2
66 75 5
66 76 6
66 77 3
66 78 3
66 79 6
66 80 0
66 81 1
66 82 3
66 83 4
66 84 8
66 85 8
66 86 9
66 87 7
66 88 5
66 89 4
66 90 7
66 91 6
66 92 8
66 93 7
66 94 8
66 95 9
66 96 4
66 97 2
66 98 7
66 99 3
67 68 4
67 69 6
67 70 3
67 71 6
67 72 0
67 73 3
67 74 3
67 75 2
67 76 9
67 77 4
67 78 5
67 79 5
67 80 5
67 81 8
67 82 3
67 83 2
67 84 7
67 85 2
67 86 7
67 87 3
67 88 1
67 89 0
67 90 9
67 91 6
67 92 2
67 93 7
67 94 4
67 95 1
67 96 8
67 97 5
67 98 5
67 99 3
68 69 2
68 70 3
68 71 7
68 72 9
68 73 1
68 74 9
68 75 9
68 76 8
68 77 2
68 78 2
68 79 7
68 80 0
68 81 9
68 82 0
68 83 7
68 84 7
68 85 3
68 86 5
68 87 1
68 88 2
68 89 7
68 90 5
68 91 7
68 92 8
68 93 4
68 94 6
68 95 5
68 96 6
68 97 2
68 98 7
68 99 3
69 70 8
69 71 3
69 72 2
69 73 5
69 74 0
69 75 9
69 76 6
69 77 4
69 78 9
69 79 0
69 80 9
69 81 3
69 82 0
69 83 0
69 84 6
69 85 5
69 86 3
69 87 3
69 88 9
69 89 9
69 90 4
69 91 3
69 92 0
69 93 1
69 94 9
69 95 9
69 96 8
69 97 4
69 98 8
69 99 7
70 71 8
70 72 5
70 73 6
70 74 7
70 75 2
70 76 3
70 77 5
70 78 7
70 79 2
70 80 1
70 81 0
70 82 4
70 83 6
70 84 1
70 85 3
70 86 4
70 87 3
70 88 9
70 89 6
70 90 2
70 91 3
70 92 4
70 93 7
70 94 3
70 95 0
70 96 7
70 97 5
70 98 2
70 99 0
71 72 3
71 73 4
71 74 9
71 75 3
71 76 4
71 77 2
71 78 1
71 79 4
71 80 4
71 81 1
71 82 4
71 83 1
71 84 6
71 85 3
71 86 0
71 87 0
71 88 6
71 89 0
71 90 1
71 91 5
71 92 3
71 93 6
71 94 3
71 95 0
71 96 2
71 97 1
71 98 9
71 99 9
72 73 6
72 74 1
72 75 0
72 76 5
72 77 4
72 78 1
72 79 6
72 80 2
72 81 5
72 82 9
72 83 9
72 84 5
72 85 6
72 86 8
72 87 0
72 88 4
72 89 5
72 90 4
72 91 1
72 92 7
72 93 0
72 94 9
72 95 4
72 96 3
72 97 2
72 98 9
72 99 7
73 74 3
73 75 1
73 76 8
73 77 0
73 78 1
73 79 0
73 80 5
73 81 3
73 82 5
73 83 2
73 84 5
73 85 1
73 86 4
73 87 7
73 88 7
73 89 8
73 90 9
73 91 3
73 92 6
73 93 6
73 94 6
73 95 3
73 96 6
73 97 8
73 98 9
73 99 7
74 75 6
74 76 8
74 77 7
74 78 9
74 79 8
74 80 2
74 81 8
74 82 5
74 83 2
74 84 1
74 85 1
74 86 3
74 87 5
74 88 0
74 89 9
74 90 0
74 91 5
74 92 0
74 93 6
74 94 6
74 95 0
74 96 1
74 97 0
74 98 8
74 99 1
75 76 5
75 77 2
75 78 2
75 79 3
75 80 7
75 81 3
75 82 0
75 83 9
75 84 6
75 85 1
75 86 4
75 87 9
75 88 9
75 89 0
75 90 5
75 91 2
75 92 3
75 93 1
75 94 6
75 95 7
75 96 9
75 97 3
75 98 6
75 99 5
76 77 4
76 78 8
76 79 8
76 80 5
76 81 2
76 82 2
76 83 2
76 84 2
76 85 2
76 86 5
76 87 2
76 88 2
76 89 4
76 90 7
76 91 6
76 92 5
76 93 1
76 94 6
76 95 0
76 96 5
76 97 7
76 98 5
76 99 6
77 78 2
77 79 3
77 80 8
77 81 4
77 82 5
77 83 6
77 84 9
77 85 0
77 86 0
77 87 6
77 88 2
77 89 2
77 90 0
77 91 3
77 92 0
77 93 3
77 94 0
77 95 4
77 96 8
77 97 0
77 98 9
77 99 9
78 79 3
78 80 4
78 81 0
78 82 7
78 83 1
78 84 6
78 85 4
78 86 9
78 87 6
78 88 6
78 89 3
78 90 0
78 91 8
78 92 3
78 93 3
78 94 9
78 95 6
78 96 7
78 97 7
78 98 8
78 99 8
79 80 1
79 81 8
79 82 8
79 83 7
79 84 9
79 85 1
79 86 6
79 87 8
79 88 4
79 89 5
79 90 9
79 91 1
79 92 7
79 93 7
79 94 6
79 95 9
79 96 5
79 97 4
79 98 7
79 99 4
80 81 8
80 82 2
80 83 7
80 84 4
80 85 3
80 86 9
80 87 7
80 88 1
80 89 2
80 90 5
80 91 7
80 92 4
80 93 3
80 94 2
80 95 5
80 96 3
80 97 3
80 98 9
80 99 2
81 82 0
81 83 9
81 84 7
81 85 4
81 86 3
81 87 6
81 88 6
81 89 8
81 90 9
81 91 4
81 92 2
81 93 0
81 94 1
81 95 5
81 96 6
81 97 0
81 98 0
81 99 7
82 83 7
82 84 3
82 85 6
82 86 3
82 87 2
82 88 8
82 89 5
82 90 6
82 91 8
82 92 5
82 93 3
82 94 9
82 95 8
82 96 5
82 97 0
82 98 4
82 99 8
83 84 1
83 85 6
83 86 1
83 87 0
83 88 6
83 89 0
83 90 5
83 91 0
83 92 0
83 93 9
83 94 7
83 95 5
83 96 2
83 97 7
83 98 2
83 99 9
84 85 6
84 86 9
84 87 0
84 88 1
84 89 3
84 90 4
84 91 1
84 92 1
84 93 0
84 94 0
84 95 8
84 96 0
84 97 7
84 98 3
84 99 3
85 86 2
85 87 0
85 88 3
85 89 5
85 90 1
85 91 6
85 92 5
85 93 9
85 94 6
85 95 1
85 96 8
85 97 2
85 98 2
85 99 2
86 87 6
86 88 1
86 89 2
86 90 4
86 91 1
86 92 4
86 93 2
86 94 1
86 95 0
86 96 5
86 97 3
86 98 8
86 99 9
87 88 9
87 89 8
87 90 1
87 91 0
87 92 2
87 93 2
87 94 0
87 95 3
87 96 2
87 97 2
87 98 4
87 99 8
88 89 4
88 90 3
88 91 1
88 92 6
88 93 7
88 94 6
88 95 7
88 96 9
88 97 1
88 98 8
88 99 9
89 90 6
89 91 7
89 92 9
89 93 0
89 94 2
89 95 2
89 96 2
89 97 4
89 98 4
89 99 5
90 91 3
90 92 6
90 93 4
90 94 5
90 95 7
90 96 5
90 97 1
90 98 5
90 99 8
91 92 0
91 93 4
91 94 2
91 95 2
91 96 5
91 97 6
91 98 2
91 99 5
92 93 6
92 94 3
92 95 8
92 96 5
92 97 9
92 98 1
92 99 0
93 94 8
93 95 9
93 96 4
93 97 2
93 98 4
93 99 6
94 95 7
94 96 7
94 97 1
94 98 4
94 99 3
95 96 5
95 97 3
95 98 3
95 99 0
96 97 2
96 98 3
96 99 7
97 98 3
97 99 7
98 99 3
