100 30
0 1 0
0 2 4
0 3 4
0 4 3
0 5 3
0 6 5
0 7 1
0 8 3
0 9 4
0 10 6
0 11 7
0 12 4
0 13 3
0 14 9
0 15 8
0 16 7
0 17 3
0 18 9
0 19 5
0 20 0
0 21 1
0 22 6
0 23 0
0 24 3
0 25 8
0 26 6
0 27 9
0 28 8
0 29 4
0 30 9
0 31 0
0 32 8
0 33 8
0 34 2
0 35 2
0 36 1
0 37 5
0 38 1
0 39 8
0 40 9
0 41 0
0 42 3
0 43 7
0 44 7
0 45 3
0 46 1
0 47 2
0 48 1
0 49 9
0 50 4
0 51 8
0 52 3
0 53 0
0 54 8
0 55 6
0 56 5
0 57 5
0 58 3
0 59 4
0 60 3
0 61 3
0 62 3
0 63 1
0 64 2
0 65 7
0 66 9
0 67 8
0 68 8
0 69 6
0 70 7
0 71 5
0 72 7
0 73 0
0 74 3
0 75 2
0 76 9
0 77 5
0 78 7
0 79 6
0 80 7
0 81 9
0 82 1
0 83 0
0 84 5
0 85 4
0 86 0
0 87 6
0 88 7
0 89 4
0 90 6
0 91 7
0 92 4
0 93 2
0 94 9
0 95 5
0 96 2
0 97 3
0 98 0
0 99 2
1 2 6
1 3 0
1 4 0
1 5 4
1 6 9
1 7 2
1 8 7
1 9 6
1 10 7
1 11 8
1 12 9
1 13 4
1 14 9
1 15 1
1 16 7
1 17 5
1 18 1
1 19 9
1 20 7
1 21 6
1 22 8
1 23 9
1 24 9
1 25 6
1 26 3
1 27 3
1 28 0
1 29 3
1 30 1
1 31 0
1 32 5
1 33 1
1 34 0
1 35 1
1 36 0
1 37 5
1 38 9
1 39 7
1 40 0
1 41 7
1 42 4
1 43 1
1 44 2
1 45 7
1 46 3
1 47 5
1 48 3
1 49 3
1 50 1
1 51 3
1 52 3
1 53 1
1 54 0
1 55 3
1 56 3
1 57 8
1 58 5
1 59 2
1 60 3
1 61 5
1 62 1
1 63 4
1 64 8
1 65 8
1 66 0
1 67 6
1 68 9
1 69 7
1 70 2
1 71 9
1 72 7
1 73 7
1 74 1
1 75 0
1 76 3
1 77 2
1 78 8
1 79 8
1 80 3
1 81 1
1 82 4
1 83 4
1 84 4
1 85 4
1 86 6
1 87 8
1 88 7
1 89 8
1 90 3
1 91 8
1 92 0
1 93 0
1 94 6
1 95 0
1 96 2
1 97 6
1 98 5
1 99 8
2 3 0
2 4 5
2 5 9
2 6 6
2 7 5
2 8 4
2 9 0
2 10 4
2 11 2
2 12 8
2 13 2
2 14 1
2 15 1
2 16 7
2 17 3
2 18 7
2 19 1
2 20 1
2 21 9
2 22 8
2 23 4
2 24 9
2 25 3
2 26 1
2 27 9
2 28 1
2 29 6
2 30 7
2 31 2
2 32 4
2 33 4
2 34 2
2 35 8
2 36 3
2 37 3
2 38 0
2 39 5
2 40 7
2 41 3
2 42 9
2 43 1
2 44 7
2 45 4
2 46 6
2 47 4
2 48 2
2 49 0
2 50 3
2 51 5
2 52 3
2 53 5
2 54 1
2 55 1
2 56 2
2 57 2
2 58 4
2 59 8
2 60 2
2 61 2
2 62 1
2 63 3
2 64 4
2 65 1
2 66 8
2 67 5
2 68 9
2 69 6
2 70 2
2 71 3
2 72 6
2 73 1
2 74 1
2 75 3
2 76 4
2 77 2
2 78 3
2 79 9
2 80 9
2 81 7
2 82 7
2 83 7
2 84 2
2 85 5
2 86 4
2 87 8
2 88 0
2 89 2
2 90 2
2 91 9
2 92 2
2 93 3
2 94 5
2 95 7
2 96 3
2 97 5
2 98 3
2 99 3
3 4 2
3 5 7
3 6 9
3 7 5
3 8 5
3 9 5
3 10 0
3 11 4
3 12 1
3 13 9
3 14 4
3 15 8
3 16 3
3 17 4
3 18 4
3 19 0
3 20 3
3 21 0
3 22 7
3 23 7
3 24 6
3 25 3
3 26 8
3 27 9
3 28 2
3 29 0
3 30 3
3 31 6
3 32 6
3 33 2
3 34 9
3 35 0
3 36 8
3 37 3
3 38 3
3 39 4
3 40 5
3 41 3
3 42 7
3 43 5
3 44 8
3 45 7
3 46 7
3 47 8
3 48 5
3 49 8
3 50 9
3 51 1
3 52 7
3 53 2
3 54 1
3 55 3
3 56 9
3 57 2
3 58 3
3 59 1
3 60 6
3 61 4
3 62 3
3 63 5
3 64 3
3 65 8
3 66 1
3 67 7
3 68 4
3 69 6
3 70 6
3 71 3
3 72 7
3 73 0
3 74 9
3 75 9
3 76 6
3 77 3
3 78 9
3 79 8
3 80 6
3 81 4
3 82 4
3 83 4
3 84 2
3 85 8
3 86 7
3 87 6
3 88 2
3 89 9
3 90 8
3 91 8
3 92 4
3 93 8
3 94 0
3 95 6
3 96 5
3 97 9
3 98 9
3 99 9
4 5 3
4 6 9
4 7 3
4 8 3
4 9 8
4 10 3
4 11 9
4 12 6
4 13 2
4 14 9
4 15 4
4 16 5
4 17 0
4 18 3
4 19 1
4 20 0
4 21 5
4 22 2
4 23 9
4 24 3
4 25 8
4 26 0
4 27 8
4 28 4
4 29 0
4 30 1
4 31 0
4 32 8
4 33 4
4 34 6
4 35 4
4 36 6
4 37 0
4 38 7
4 39 7
4 40 5
4 41 7
4 42 0
4 43 8
4 44 3
4 45 9
4 46 9
4 47 2
4 48 7
4 49 3
4 50 9
4 51 4
4 52 6
4 53 8
4 54 1
4 55 1
4 56 4
4 57 3
4 58 3
4 59 0
4 60 4
4 61 6
4 62 2
4 63 5
4 64 4
4 65 1
4 66 3
4 67 0
4 68 8
4 69 9
4 70 1
4 71 6
4 72 0
4 73 3
4 74 8
4 75 1
4 76 9
4 77 1
4 78 6
4 79 8
4 80 8
4 81 2
4 82 6
4 83 5
4 84 5
4 85 9
4 86 9
4 87 8
4 88 6
4 89 9
4 90 3
4 91 0
4 92 8
4 93 0
4 94 7
4 95 0
4 96 4
4 97 3
4 98 7
4 99 3
5 6 5
5 7 9
5 8 3
5 9 9
5 10 6
5 11 5
5 12 4
5 13 0
5 14 3
5 15 1
5 16 8
5 17 9
5 18 6
5 19 7
5 20 6
5 21 8
5 22 9
5 23 5
5 24 3
5 25 7
5 26 3
5 27 9
5 28 3
5 29 0
5 30 6
5 31 7
5 32 5
5 33 4
5 34 4
5 35 0
5 36 6
5 37 3
5 38 0
5 39 0
5 40 8
5 41 4
5 42 6
5 43 9
5 44 9
5 45 4
5 46 8
5 47 6
5 48 9
5 49 1
5 50 8
5 51 6
5 52 0
5 53 3
5 54 6
5 55 7
5 56 4
5 57 6
5 58 0
5 59 2
5 60 6
5 61 8
5 62 5
5 63 2
5 64 3
5 65 2
5 66 4
5 67 1
5 68 6
5 69 7
5 70 6
5 71 9
5 72 1
5 73 7
5 74 9
5 75 6
5 76 8
5 77 3
5 78 0
5 79 1
5 80 3
5 81 5
5 82 0
5 83 4
5 84 9
5 85 1
5 86 5
5 87 5
5 88 8
5 89 5
5 90 1
5 91 9
5 92 4
5 93 8
5 94 8
5 95 3
5 96 7
5 97 3
5 98 4
5 99 6
6 7 9
6 8 7
6 9 2
6 10 0
6 11 9
6 12 9
6 13 9
6 14 0
6 15 9
6 16 9
6 17 7
6 18 7
6 19 9
6 20 2
6 21 2
6 22 4
6 23 3
6 24 4
6 25 9
6 26 3
6 27 1
6 28 1
6 29 6
6 30 0
6 31 5
6 32 0
6 33 4
6 34 5
6 35 9
6 36 3
6 37 9
6 38 4
6 39 4
6 40 3
6 41 0
6 42 7
6 43 3
6 44 9
6 45 4
6 46 1
6 47 8
6 48 4
6 49 4
6 50 5
6 51 6
6 52 4
6 53 6
6 54 1
6 55 0
6 56 9
6 57 4
6 58 6
6 59 5
6 60 6
6 61 9
6 62 1
6 63 8
6 64 1
6 65 9
6 66 5
6 67 0
6 68 7
6 69 5
6 70 5
6 71 6
6 72 5
6 73 3
6 74 9
6 75 6
6 76 6
6 77 5
6 78 4
6 79 4
6 80 1
6 81 7
6 82 5
6 83 3
6 84 0
6 85 9
6 86 5
6 87 3
6 88 2
6 89 1
6 90 8
6 91 3
6 92 8
6 93 0
6 94 9
6 95 4
6 96 9
6 97 4
6 98 0
6 99 3
7 8 3
7 9 0
7 10 3
7 11 1
7 12 8
7 13 1
7 14 4
7 15 1
7 16 6
7 17 2
7 18 8
7 19 6
7 20 5
7 21 5
7 22 7
7 23 4
7 24 9
7 25 7
7 26 4
7 27 4
7 28 3
7 29 2
7 30 4
7 31 0
7 32 6
7 33 7
7 34 0
7 35 7
7 36 9
7 37 1
7 38 1
7 39 9
7 40 7
7 41 7
7 42 8
7 43 6
7 44 6
7 45 2
7 46 6
7 47 4
7 48 7
7 49 6
7 50 8
7 51 1
7 52 6
7 53 1
7 54 4
7 55 8
7 56 5
7 57 8
7 58 8
7 59 4
7 60 3
7 61 3
7 62 5
7 63 5
7 64 6
7 65 2
7 66 5
7 67 7
7 68 0
7 69 7
7 70 3
7 71 7
7 72 0
7 73 5
7 74 1
7 75 2
7 76 9
7 77 8
7 78 9
7 79 5
7 80 7
7 81 8
7 82 3
7 83 9
7 84 4
7 85 0
7 86 6
7 87 9
7 88 6
7 89 5
7 90 1
7 91 7
7 92 0
7 93 6
7 94 1
7 95 1
7 96 0
7 97 5
7 98 4
7 99 6
8 9 5
8 10 8
8 11 5
8 12 2
8 13 4
8 14 3
8 15 6
8 16 2
8 17 3
8 18 3
8 19 0
8 20 8
8 21 2
8 22 3
8 23 8
8 24 0
8 25 8
8 26 7
8 27 6
8 28 4
8 29 9
8 30 8
8 31 6
8 32 4
8 33 1
8 34 2
8 35 1
8 36 0
8 37 2
8 38 0
8 39 2
8 40 9
8 41 8
8 42 1
8 43 7
8 44 8
8 45 7
8 46 0
8 47 3
8 48 6
8 49 5
8 50 5
8 51 0
8 52 1
8 53 1
8 54 8
8 55 3
8 56 2
8 57 0
8 58 5
8 59 6
8 60 9
8 61 8
8 62 5
8 63 0
8 64 3
8 65 7
8 66 6
8 67 4
8 68 9
8 69 2
8 70 8
8 71 5
8 72 7
8 73 1
8 74 5
8 75 4
8 76 3
8 77 5
8 78 8
8 79 9
8 80 9
8 81 2
8 82 0
8 83 4
8 84 0
8 85 6
8 86 8
8 87 9
8 88 4
8 89 6
8 90 0
8 91 2
8 92 6
8 93 5
8 94 1
8 95 0
8 96 5
8 97 7
8 98 6
8 99 1
9 10 6
9 11 1
9 12 8
9 13 2
9 14 3
9 15 6
9 16 8
9 17 0
9 18 3
9 19 8
9 20 4
9 21 5
9 22 5
9 23 0
9 24 7
9 25 7
9 26 1
9 27 5
9 28 2
9 29 3
9 30 8
9 31 3
9 32 3
9 33 6
9 34 7
9 35 9
9 36 5
9 37 8
9 38 4
9 39 5
9 40 9
9 41 8
9 42 2
9 43 9
9 44 0
9 45 9
9 46 7
9 47 3
9 48 1
9 49 0
9 50 2
9 51 0
9 52 2
9 53 2
9 54 1
9 55 9
9 56 7
9 57 0
9 58 8
9 59 1
9 60 4
9 61 3
9 62 1
9 63 5
9 64 7
9 65 2
9 66 9
9 67 6
9 68 1
9 69 1
9 70 7
9 71 3
9 72 9
9 73 7
9 74 0
9 75 0
9 76 4
9 77 1
9 78 4
9 79 5
9 80 9
9 81 9
9 82 1
9 83 3
9 84 6
9 85 5
9 86 7
9 87 4
9 88 9
9 89 6
9 90 2
9 91 2
9 92 3
9 93 5
9 94 0
9 95 5
9 96 8
9 97 1
9 98 2
9 99 4
10 11 2
10 12 7
10 13 9
10 14 1
10 15 7
10 16 9
10 17 8
10 18 5
10 19 8
10 20 2
10 21 3
10 22 9
10 23 4
10 24 6
10 25 7
10 26 2
10 27 3
10 28 6
10 29 8
10 30 9
10 31 1
10 32 3
10 33 5
10 34 3
10 35 0
10 36 9
10 37 2
10 38 7
10 39 6
10 40 1
10 41 5
10 42 8
10 43 4
10 44 3
10 45 1
10 46 4
10 47 4
10 48 3
10 49 8
10 50 4
10 51 9
10 52 0
10 53 0
10 54 7
10 55 8
10 56 2
10 57 9
10 58 5
10 59 6
10 60 0
10 61 4
10 62 9
10 63 0
10 64 8
10 65 9
10 66 7
10 67 2
10 68 0
10 69 2
10 70 0
10 71 6
10 72 5
10 73 3
10 74 0
10 75 0
10 76 1
10 77 0
10 78 2
10 79 6
10 80 8
10 81 1
10 82 6
10 83 5
10 84 5
10 85 8
10 86 6
10 87 5
10 88 5
10 89 8
10 90 7
10 91 3
10 92 1
10 93 6
10 94 6
10 95 0
10 96 2
10 97 7
10 98 4
10 99 1
11 12 9
11 13 7
11 14 2
11 15 3
11 16 6
11 17 5
11 18 7
11 19 5
11 20 6
11 21 5
11 22 6
11 23 8
11 24 8
11 25 7
11 26 8
11 27 6
11 28 1
11 29 4
11 30 9
11 31 9
11 32 6
11 33 1
11 34 2
11 35 8
11 36 1
11 37 5
11 38 8
11 39 1
11 40 2
11 41 8
11 42 4
11 43 1
11 44 5
11 45 3
11 46 5
11 47 5
11 48 2
11 49 9
11 50 8
11 51 8
11 52 4
11 53 6
11 54 6
11 55 5
11 56 5
11 57 0
11 58 4
11 59 8
11 60 4
11 61 3
11 62 1
11 63 4
11 64 2
11 65 2
11 66 0
11 67 9
11 68 9
11 69 2
11 70 4
11 71 6
11 72 5
11 73 5
11 74 5
11 75 1
11 76 4
11 77 8
11 78 7
11 79 2
11 80 0
11 81 8
11 82 4
11 83 4
11 84 7
11 85 7
11 86 6
11 87 4
11 88 2
11 89 8
11 90 3
11 91 3
11 92 6
11 93 4
11 94 7
11 95 0
11 96 8
11 97 4
11 98 9
11 99 8
12 13 6
12 14 2
12 15 5
12 16 6
12 17 7
12 18 6
12 19 4
12 20 5
12 21 7
12 22 1
12 23 5
12 24 7
12 25 6
12 26 8
12 27 1
12 28 0
12 29 1
12 30 5
12 31 5
12 32 0
12 33 3
12 34 5
12 35 3
12 36 0
12 37 6
12 38 3
12 39 6
12 40 8
12 41 9
12 42 6
12 43 8
12 44 5
12 45 7
12 46 6
12 47 5
12 48 0
12 49 7
12 50 5
12 51 9
12 52 8
12 53 1
12 54 4
12 55 6
12 56 6
12 57 7
12 58 0
12 59 5
12 60 2
12 61 5
12 62 4
12 63 1
12 64 8
12 65 6
12 66 5
12 67 4
12 68 6
12 69 3
12 70 7
12 71 9
12 72 5
12 73 9
12 74 0
12 75 7
12 76 9
12 77 4
12 78 0
12 79 8
12 80 1
12 81 2
12 82 0
12 83 9
12 84 5
12 85 2
12 86 0
12 87 1
12 88 1
12 89 3
12 90 6
12 91 0
12 92 7
12 93 3
12 94 4
12 95 6
12 96 0
12 97 1
12 98 5
12 99 5
13 14 6
13 15 3
13 16 1
13 17 8
13 18 4
13 19 9
13 20 8
13 21 8
13 22 1
13 23 0
13 24 8
13 25 4
13 26 4
13 27 3
13 28 0
13 29 7
13 30 5
13 31 5
13 32 0
13 33 8
13 34 0
13 35 7
13 36 3
13 37 7
13 38 2
13 39 8
13 40 5
13 41 2
13 42 9
13 43 1
13 44 7
13 45 4
13 46 0
13 47 6
13 48 4
13 49 0
13 50 1
13 51 1
13 52 2
13 53 4
13 54 1
13 55 1
13 56 5
13 57 0
13 58 3
13 59 3
13 60 3
13 61 4
13 62 6
13 63 9
13 64 3
13 65 9
13 66 8
13 67 3
13 68 0
13 69 2
13 70 4
13 71 4
13 72 2
13 73 1
13 74 1
13 75 4
13 76 4
13 77 7
13 78 4
13 79 6
13 80 2
13 81 5
13 82 2
13 83 1
13 84 7
13 85 8
13 86 1
13 87 7
13 88 7
13 89 2
13 90 6
13 91 5
13 92 7
13 93 6
13 94 2
13 95 6
13 96 0
13 97 9
13 98 7
13 99 4
14 15 3
14 16 0
14 17 3
14 18 5
14 19 9
14 20 1
14 21 6
14 22 5
14 23 5
14 24 2
14 25 9
14 26 6
14 27 7
14 28 0
14 29 0
14 30 0
14 31 5
14 32 7
14 33 7
14 34 5
14 35 2
14 36 4
14 37 0
14 38 7
14 39 1
14 40 5
14 41 7
14 42 3
14 43 0
14 44 1
14 45 2
14 46 3
14 47 6
14 48 4
14 49 4
14 50 4
14 51 8
14 52 9
14 53 1
14 54 1
14 55 8
14 56 5
14 57 6
14 58 5
14 59 2
14 60 2
14 61 8
14 62 5
14 63 4
14 64 7
14 65 2
14 66 8
14 67 8
14 68 8
14 69 7
14 70 9
14 71 3
14 72 4
14 73 8
14 74 7
14 75 6
14 76 6
14 77 6
14 78 3
14 79 7
14 80 4
14 81 1
14 82 7
14 83 3
14 84 6
14 85 1
14 86 5
14 87 1
14 88 5
14 89 0
14 90 6
14 91 4
14 92 7
14 93 5
14 94 3
14 95 1
14 96 9
14 97 5
14 98 0
14 99 5
15 16 9
15 17 1
15 18 8
15 19 3
15 20 4
15 21 9
15 22 9
15 23 0
15 24 5
15 25 1
15 26 6
15 27 4
15 28 9
15 29 7
15 30 2
15 31 3
15 32 3
15 33 7
15 34 0
15 35 3
15 36 1
15 37 7
15 38 2
15 39 4
15 40 5
15 41 5
15 42 7
15 43 5
15 44 5
15 45 3
15 46 3
15 47 0
15 48 3
15 49 2
15 50 5
15 51 5
15 52 0
15 53 7
15 54 0
15 55 9
15 56 1
15 57 8
15 58 5
15 59 1
15 60 2
15 61 1
15 62 4
15 63 6
15 64 1
15 65 6
15 66 7
15 67 4
15 68 8
15 69 5
15 70 0
15 71 3
15 72 8
15 73 3
15 74 6
15 75 3
15 76 0
15 77 5
15 78 1
15 79 9
15 80 0
15 81 2
15 82 6
15 83 5
15 84 8
15 85 0
15 86 5
15 87 0
15 88 5
15 89 2
15 90 3
15 91 3
15 92 5
15 93 5
15 94 2
15 95 2
15 96 5
15 97 7
15 98 7
15 99 2
16 17 9
16 18 5
16 19 0
16 20 1
16 21 4
16 22 6
16 23 1
16 24 0
16 25 2
16 26 1
16 27 6
16 28 0
16 29 7
16 30 0
16 31 8
16 32 0
16 33 1
16 34 8
16 35 7
16 36 8
16 37 9
16 38 9
16 39 1
16 40 9
16 41 0
16 42 9
16 43 0
16 44 6
16 45 6
16 46 1
16 47 6
16 48 2
16 49 3
16 50 8
16 51 9
16 52 7
16 53 3
16 54 7
16 55 9
16 56 0
16 57 5
16 58 6
16 59 8
16 60 7
16 61 9
16 62 3
16 63 3
16 64 4
16 65 0
16 66 6
16 67 4
16 68 7
16 69 5
16 70 6
16 71 9
16 72 0
16 73 0
16 74 4
16 75 3
16 76 5
16 77 0
16 78 5
16 79 0
16 80 4
16 81 5
16 82 1
16 83 3
16 84 1
16 85 5
16 86 6
16 87 3
16 88 2
16 89 4
16 90 6
16 91 3
16 92 1
16 93 4
16 94 6
16 95 8
16 96 5
16 97 0
16 98 4
16 99 7
17 18 2
17 19 1
17 20 6
17 21 6
17 22 1
17 23 8
17 24 3
17 25 9
17 26 3
17 27 9
17 28 3
17 29 7
17 30 0
17 31 6
17 32 6
17 33 1
17 34 2
17 35 9
17 36 3
17 37 1
17 38 2
17 39 2
17 40 7
17 41 0
17 42 8
17 43 1
17 44 4
17 45 5
17 46 2
17 47 5
17 48 8
17 49 4
17 50 7
17 51 2
17 52 5
17 53 5
17 54 4
17 55 0
17 56 2
17 57 4
17 58 0
17 59 9
17 60 6
17 61 0
17 62 8
17 63 4
17 64 4
17 65 1
17 66 1
17 67 8
17 68 9
17 69 5
17 70 1
17 71 3
17 72 3
17 73 0
17 74 9
17 75 2
17 76 9
17 77 0
17 78 6
17 79 8
17 80 3
17 81 6
17 82 9
17 83 3
17 84 7
17 85 2
17 86 6
17 87 8
17 88 1
17 89 7
17 90 4
17 91 2
17 92 0
17 93 8
17 94 8
17 95 1
17 96 0
17 97 6
17 98 6
17 99 1
18 19 8
18 20 7
18 21 9
18 22 6
18 23 8
18 24 3
18 25 7
18 26 8
18 27 3
18 28 6
18 29 5
18 30 5
18 31 2
18 32 4
18 33 7
18 34 4
18 35 1
18 36 4
18 37 0
18 38 2
18 39 2
18 40 0
18 41 2
18 42 3
18 43 8
18 44 5
18 45 6
18 46 0
18 47 5
18 48 9
18 49 9
18 50 5
18 51 7
18 52 0
18 53 9
18 54 5
18 55 1
18 56 5
18 57 8
18 58 4
18 59 6
18 60 9
18 61 5
18 62 5
18 63 1
18 64 7
18 65 0
18 66 0
18 67 7
18 68 6
18 69 3
18 70 3
18 71 0
18 72 4
18 73 3
18 74 5
18 75 7
18 76 9
18 77 6
18 78 0
18 79 5
18 80 2
18 81 8
18 82 2
18 83 5
18 84 3
18 85 5
18 86 5
18 87 2
18 88 9
18 89 8
18 90 0
18 91 5
18 92 7
18 93 6
18 94 7
18 95 0
18 96 7
18 97 2
18 98 9
18 99 4
19 20 1
19 21 3
19 22 0
19 23 5
19 24 2
19 25 1
19 26 7
19 27 0
19 28 4
19 29 0
19 30 1
19 31 3
19 32 4
19 33 3
19 34 1
19 35 6
19 36 6
19 37 6
19 38 2
19 39 8
19 40 6
19 41 5
19 42 6
19 43 0
19 44 6
19 45 7
19 46 4
19 47 1
19 48 2
19 49 2
19 50 6
19 51 9
19 52 1
19 53 3
19 54 7
19 55 6
19 56 8
19 57 0
19 58 6
19 59 0
19 60 5
19 61 1
19 62 8
19 63 3
19 64 5
19 65 9
19 66 6
19 67 9
19 68 9
19 69 2
19 70 7
19 71 3
19 72 2
19 73 3
19 74 7
19 75 1
19 76 8
19 77 3
19 78 7
19 79 9
19 80 7
19 81 7
19 82 7
19 83 8
19 84 4
19 85 6
19 86 7
19 87 7
19 88 5
19 89 9
19 90 2
19 91 4
19 92 8
19 93 1
19 94 0
19 95 0
19 96 8
19 97 9
19 98 5
19 99 9
20 21 9
20 22 2
20 23 8
20 24 1
20 25 2
20 26 2
20 27 2
20 28 9
20 29 7
20 30 1
20 31 1
20 32 0
20 33 5
20 34 5
20 35 9
20 36 6
20 37 4
20 38 4
20 39 2
20 40 0
20 41 4
20 42 4
20 43 9
20 44 1
20 45 6
20 46 9
20 47 7
20 48 9
20 49 8
20 50 9
20 51 0
20 52 8
20 53 5
20 54 5
20 55 8
20 56 9
20 57 6
20 58 8
20 59 1
20 60 5
20 61 5
20 62 8
20 63 8
20 64 6
20 65 5
20 66 3
20 67 6
20 68 0
20 69 1
20 70 1
20 71 9
20 72 3
20 73 0
20 74 0
20 75 7
20 76 4
20 77 6
20 78 6
20 79 4
20 80 4
20 81 3
20 82 4
20 83 4
20 84 7
20 85 4
20 86 5
20 87 1
20 88 6
20 89 6
20 90 1
20 91 7
20 92 7
20 93 8
20 94 2
20 95 3
20 96 9
20 97 6
20 98 6
20 99 6
21 22 0
21 23 3
21 24 9
21 25 6
21 26 8
21 27 7
21 28 9
21 29 1
21 30 1
21 31 0
21 32 8
21 33 9
21 34 6
21 35 9
21 36 4
21 37 6
21 38 3
21 39 7
21 40 9
21 41 9
21 42 6
21 43 4
21 44 0
21 45 5
21 46 5
21 47 6
21 48 6
21 49 7
21 50 3
21 51 6
21 52 0
21 53 4
21 54 2
21 55 3
21 56 1
21 57 2
21 58 4
21 59 5
21 60 3
21 61 7
21 62 2
21 63 7
21 64 4
21 65 4
21 66 7
21 67 7
21 68 6
21 69 2
21 70 4
21 71 1
21 72 5
21 73 1
21 74 4
21 75 7
21 76 2
21 77 3
21 78 2
21 79 9
21 80 4
21 81 0
21 82 2
21 83 3
21 84 0
21 85 2
21 86 2
21 87 7
21 88 6
21 89 9
21 90 9
21 91 7
21 92 4
21 93 1
21 94 7
21 95 3
21 96 2
21 97 4
21 98 1
21 99 7
22 23 1
22 24 6
22 25 9
22 26 2
22 27 9
22 28 0
22 29 2
22 30 4
22 31 7
22 32 5
22 33 6
22 34 2
22 35 7
22 36 4
22 37 7
22 38 2
22 39 9
22 40 4
22 41 9
22 42 6
22 43 0
22 44 5
22 45 6
22 46 4
22 47 1
22 48 8
22 49 8
22 50 6
22 51 0
22 52 6
22 53 9
22 54 0
22 55 6
22 56 4
22 57 0
22 58 1
22 59 3
22 60 6
22 61 8
22 62 3
22 63 4
22 64 0
22 65 5
22 66 4
22 67 7
22 68 5
22 69 7
22 70 6
22 71 7
22 72 8
22 73 4
22 74 9
22 75 5
22 76 1
22 77 2
22 78 1
22 79 5
22 80 8
22 81 9
22 82 2
22 83 9
22 84 4
22 85 9
22 86 0
22 87 5
22 88 2
22 89 8
22 90 0
22 91 3
22 92 9
22 93 7
22 94 6
22 95 3
22 96 9
22 97 7
22 98 4
22 99 9
23 24 5
23 25 0
23 26 4
23 27 0
23 28 2
23 29 8
23 30 0
23 31 1
23 32 0
23 33 3
23 34 3
23 35 3
23 36 3
23 37 9
23 38 6
23 39 0
23 40 2
23 41 0
23 42 2
23 43 5
23 44 7
23 45 7
23 46 1
23 47 5
23 48 6
23 49 0
23 50 1
23 51 7
23 52 1
23 53 6
23 54 5
23 55 0
23 56 4
23 57 3
23 58 1
23 59 1
23 60 5
23 61 9
23 62 3
23 63 6
23 64 1
23 65 7
23 66 4
23 67 8
23 68 6
23 69 9
23 70 6
23 71 5
23 72 4
23 73 5
23 74 1
23 75 4
23 76 8
23 77 8
23 78 2
23 79 8
23 80 3
23 81 2
23 82 9
23 83 8
23 84 2
23 85 3
23 86 6
23 87 1
23 88 7
23 89 3
23 90 9
23 91 8
23 92 9
23 93 7
23 94 3
23 95 0
23 96 2
23 97 7
23 98 2
23 99 3
24 25 6
24 26 6
24 27 1
24 28 4
24 29 5
24 30 4
24 31 0
24 32 1
24 33 5
24 34 6
24 35 3
24 36 9
24 37 3
24 38 2
24 39 5
24 40 5
24 41 3
24 42 8
24 43 8
24 44 9
24 45 6
24 46 3
24 47 4
24 48 1
24 49 1
24 50 5
24 51 8
24 52 0
24 53 0
24 54 7
24 55 5
24 56 5
24 57 1
24 58 5
24 59 1
24 60 2
24 61 6
24 62 5
24 63 4
24 64 7
24 65 0
24 66 7
24 67 9
24 68 3
24 69 1
24 70 0
24 71 3
24 72 2
24 73 8
24 74 5
24 75 2
24 76 2
24 77 5
24 78 4
24 79 6
24 80 7
24 81 7
24 82 3
24 83 4
24 84 8
24 85 8
24 86 1
24 87 0
24 88 6
24 89 5
24 90 8
24 91 6
24 92 3
24 93 0
24 94 2
24 95 7
24 96 4
24 97 1
24 98 6
24 99 4
25 26 4
25 27 1
25 28 0
25 29 9
25 30 1
25 31 9
25 32 8
25 33 3
25 34 0
25 35 8
25 36 4
25 37 5
25 38 9
25 39 3
25 40 2
25 41 9
25 42 7
25 43 0
25 44 0
25 45 7
25 46 4
25 47 3
25 48 7
25 49 0
25 50 1
25 51 8
25 52 3
25 53 1
25 54 4
25 55 9
25 56 5
25 57 2
25 58 2
25 59 1
25 60 2
25 61 0
25 62 3
25 63 8
25 64 1
25 65 7
25 66 4
25 67 9
25 68 1
25 69 0
25 70 5
25 71 4
25 72 2
25 73 3
25 74 0
25 75 7
25 76 3
25 77 1
25 78 1
25 79 1
25 80 4
25 81 3
25 82 7
25 83 7
25 84 3
25 85 7
25 86 8
25 87 5
25 88 7
25 89 1
25 90 6
25 91 3
25 92 2
25 93 8
25 94 4
25 95 7
25 96 0
25 97 9
25 98 4
25 99 1
26 27 3
26 28 2
26 29 3
26 30 7
26 31 4
26 32 8
26 33 2
26 34 7
26 35 4
26 36 9
26 37 7
26 38 0
26 39 3
26 40 5
26 41 4
26 42 6
26 43 8
26 44 7
26 45 8
26 46 0
26 47 5
26 48 5
26 49 9
26 50 6
26 51 8
26 52 4
26 53 0
26 54 8
26 55 0
26 56 3
26 57 5
26 58 2
26 59 9
26 60 3
26 61 4
26 62 2
26 63 0
26 64 4
26 65 1
26 66 9
26 67 8
26 68 2
26 69 1
26 70 2
26 71 3
26 72 8
26 73 8
26 74 5
26 75 0
26 76 8
26 77 0
26 78 8
26 79 0
26 80 4
26 81 2
26 82 2
26 83 4
26 84 4
26 85 9
26 86 4
26 87 1
26 88 1
26 89 2
26 90 6
26 91 8
26 92 3
26 93 8
26 94 5
26 95 8
26 96 0
26 97 4
26 98 7
26 99 8
27 28 3
27 29 1
27 30 4
27 31 9
27 32 1
27 33 5
27 34 8
27 35 7
27 36 8
27 37 7
27 38 6
27 39 4
27 40 9
27 41 3
27 42 4
27 43 1
27 44 6
27 45 0
27 46 7
27 47 2
27 48 0
27 49 8
27 50 0
27 51 5
27 52 4
27 53 2
27 54 8
27 55 1
27 56 3
27 57 7
27 58 5
27 59 2
27 60 3
27 61 4
27 62 5
27 63 9
27 64 6
27 65 5
27 66 4
27 67 0
27 68 7
27 69 1
27 70 5
27 71 6
27 72 2
27 73 5
27 74 4
27 75 3
27 76 3
27 77 6
27 78 0
27 79 4
27 80 8
27 81 8
27 82 3
27 83 6
27 84 9
27 85 5
27 86 8
27 87 3
27 88 6
27 89 3
27 90 3
27 91 0
27 92 2
27 93 8
27 94 6
27 95 4
27 96 7
27 97 0
27 98 2
27 99 4
28 29 4
28 30 2
28 31 1
28 32 0
28 33 1
28 34 3
28 35 8
28 36 5
28 37 0
28 38 2
28 39 6
28 40 2
28 41 0
28 42 5
28 43 9
28 44 6
28 45 1
28 46 2
28 47 2
28 48 6
28 49 5
28 50 9
28 51 0
28 52 8
28 53 7
28 54 0
28 55 7
28 56 1
28 57 7
28 58 9
28 59 5
28 60 6
28 61 7
28 62 8
28 63 7
28 64 2
28 65 5
28 66 7
28 67 5
28 68 4
28 69 0
28 70 6
28 71 8
28 72 2
28 73 9
28 74 3
28 75 3
28 76 4
28 77 7
28 78 1
28 79 7
28 80 6
28 81 4
28 82 4
28 83 6
28 84 2
28 85 6
28 86 2
28 87 4
28 88 9
28 89 7
28 90 4
28 91 9
28 92 4
28 93 4
28 94 9
28 95 8
28 96 5
28 97 5
28 98 7
28 99 0
29 30 2
29 31 9
29 32 8
29 33 7
29 34 5
29 35 2
29 36 4
29 37 3
29 38 5
29 39 4
29 40 1
29 41 7
29 42 5
29 43 2
29 44 0
29 45 3
29 46 8
29 47 8
29 48 4
29 49 3
29 50 3
29 51 4
29 52 5
29 53 1
29 54 8
29 55 8
29 56 0
29 57 1
29 58 8
29 59 2
29 60 7
29 61 0
29 62 8
29 63 8
29 64 2
29 65 2
29 66 2
29 67 4
29 68 3
29 69 5
29 70 4
29 71 5
29 72 3
29 73 1
29 74 3
29 75 0
29 76 6
29 77 7
29 78 1
29 79 3
29 80 4
29 81 3
29 82 0
29 83 5
29 84 4
29 85 8
29 86 3
29 87 7
29 88 6
29 89 2
29 90 7
29 91 3
29 92 2
29 93 9
29 94 0
29 95 3
29 96 0
29 97 5
29 98 1
29 99 0
30 31 8
30 32 4
30 33 7
30 34 7
30 35 7
30 36 9
30 37 4
30 38 6
30 39 2
30 40 3
30 41 0
30 42 7
30 43 9
30 44 9
30 45 1
30 46 8
30 47 7
30 48 3
30 49 4
30 50 5
30 51 7
30 52 6
30 53 4
30 54 1
30 55 3
30 56 9
30 57 7
30 58 1
30 59 7
30 60 8
30 61 6
30 62 6
30 63 9
30 64 6
30 65 5
30 66 4
30 67 9
30 68 5
30 69 9
30 70 6
30 71 5
30 72 7
30 73 2
30 74 1
30 75 4
30 76 7
30 77 8
30 78 9
30 79 5
30 80 4
30 81 9
30 82 5
30 83 2
30 84 7
30 85 3
30 86 3
30 87 8
30 88 0
30 89 4
30 90 3
30 91 6
30 92 0
30 93 9
30 94 8
30 95 2
30 96 4
30 97 1
30 98 3
30 99 0
31 32 1
31 33 9
31 34 7
31 35 2
31 36 6
31 37 6
31 38 5
31 39 7
31 40 3
31 41 0
31 42 0
31 43 6
31 44 3
31 45 6
31 46 5
31 47 6
31 48 9
31 49 7
31 50 6
31 51 1
31 52 4
31 53 7
31 54 8
31 55 3
31 56 9
31 57 2
31 58 4
31 59 1
31 60 9
31 61 1
31 62 2
31 63 9
31 64 6
31 65 2
31 66 8
31 67 3
31 68 5
31 69 6
31 70 3
31 71 3
31 72 1
31 73 9
31 74 6
31 75 7
31 76 5
31 77 2
31 78 0
31 79 3
31 80 3
31 81 3
31 82 8
31 83 8
31 84 7
31 85 0
31 86 2
31 87 2
31 88 6
31 89 3
31 90 1
31 91 6
31 92 0
31 93 6
31 94 0
31 95 4
31 96 9
31 97 9
31 98 7
31 99 2
32 33 9
32 34 5
32 35 3
32 36 4
32 37 9
32 38 4
32 39 1
32 40 4
32 41 6
32 42 1
32 43 5
32 44 4
32 45 1
32 46 2
32 47 3
32 48 9
32 49 7
32 50 6
32 51 0
32 52 8
32 53 4
32 54 9
32 55 3
32 56 6
32 57 1
32 58 5
32 59 6
32 60 0
32 61 5
32 62 1
32 63 3
32 64 2
32 65 2
32 66 2
32 67 3
32 68 4
32 69 4
32 70 9
32 71 5
32 72 2
32 73 9
32 74 5
32 75 1
32 76 0
32 77 9
32 78 0
32 79 1
32 80 9
32 81 6
32 82 7
32 83 2
32 84 0
32 85 4
32 86 1
32 87 5
32 88 3
32 89 0
32 90 3
32 91 3
32 92 2
32 93 1
32 94 6
32 95 4
32 96 4
32 97 1
32 98 6
32 99 8
33 34 1
33 35 7
33 36 2
33 37 9
33 38 6
33 39 0
33 40 1
33 41 5
33 42 8
33 43 2
33 44 6
33 45 7
33 46 5
33 47 4
33 48 7
33 49 6
33 50 0
33 51 4
33 52 1
33 53 1
33 54 2
33 55 6
33 56 1
33 57 1
33 58 8
33 59 5
33 60 0
33 61 1
33 62 7
33 63 5
33 64 3
33 65 6
33 66 5
33 67 6
33 68 4
33 69 5
33 70 0
33 71 0
33 72 3
33 73 3
33 74 4
33 75 0
33 76 4
33 77 2
33 78 2
33 79 6
33 80 4
33 81 6
33 82 3
33 83 2
33 84 1
33 85 0
33 86 0
33 87 6
33 88 3
33 89 8
33 90 8
33 91 7
33 92 4
33 93 4
33 94 5
33 95 2
33 96 9
33 97 7
33 98 7
33 99 5
34 35 3
34 36 6
34 37 1
34 38 8
34 39 1
34 40 8
34 41 5
34 42 8
34 43 3
34 44 1
34 45 3
34 46 3
34 47 4
34 48 5
34 49 5
34 50 5
34 51 2
34 52 1
34 53 1
34 54 1
34 55 8
34 56 8
34 57 6
34 58 8
34 59 4
34 60 7
34 61 7
34 62 7
34 63 6
34 64 0
34 65 2
34 66 1
34 67 2
34 68 1
34 69 5
34 70 2
34 71 6
34 72 9
34 73 2
34 74 5
34 75 6
34 76 1
34 77 7
34 78 2
34 79 3
34 80 2
34 81 8
34 82 2
34 83 3
34 84 9
34 85 0
34 86 9
34 87 1
34 88 0
34 89 4
34 90 9
34 91 7
34 92 4
34 93 6
34 94 1
34 95 0
34 96 6
34 97 0
34 98 8
34 99 1
35 36 1
35 37 9
35 38 4
35 39 0
35 40 9
35 41 3
35 42 2
35 43 6
35 44 8
35 45 2
35 46 1
35 47 8
35 48 6
35 49 2
35 50 7
35 51 4
35 52 6
35 53 2
35 54 2
35 55 6
35 56 0
35 57 6
35 58 9
35 59 6
35 60 6
35 61 3
35 62 6
35 63 8
35 64 8
35 65 3
35 66 8
35 67 5
35 68 2
35 69 5
35 70 0
35 71 3
35 72 2
35 73 2
35 74 5
35 75 2
35 76 9
35 77 2
35 78 8
35 79 1
35 80 0
35 81 1
35 82 3
35 83 9
35 84 5
35 85 3
35 86 2
35 87 5
35 88 0
35 89 1
35 90 6
35 91 5
35 92 3
35 93 2
35 94 5
35 95 4
35 96 8
35 97 6
35 98 5
35 99 4
36 37 5
36 38 7
36 39 0
36 40 9
36 41 1
36 42 5
36 43 4
36 44 6
36 45 1
36 46 3
36 47 2
36 48 6
36 49 9
36 50 1
36 51 1
36 52 3
36 53 4
36 54 0
36 55 3
36 56 6
36 57 7
36 58 8
36 59 8
36 60 6
36 61 1
36 62 5
36 63 7
36 64 8
36 65 0
36 66 9
36 67 9
36 68 2
36 69 2
36 70 6
36 71 9
36 72 6
36 73 1
36 74 4
36 75 6
36 76 2
36 77 5
36 78 4
36 79 7
36 80 9
36 81 1
36 82 5
36 83 8
36 84 0
36 85 4
36 86 7
36 87 1
36 88 1
36 89 3
36 90 9
36 91 9
36 92 8
36 93 3
36 94 6
36 95 5
36 96 6
36 97 2
36 98 3
36 99 1
37 38 4
37 39 8
37 40 4
37 41 6
37 42 7
37 43 9
37 44 3
37 45 7
37 46 4
37 47 4
37 48 1
37 49 2
37 50 2
37 51 1
37 52 5
37 53 9
37 54 2
37 55 9
37 56 7
37 57 1
37 58 4
37 59 9
37 60 4
37 61 6
37 62 0
37 63 6
37 64 1
37 65 1
37 66 6
37 67 3
37 68 9
37 69 0
37 70 7
37 71 4
37 72 6
37 73 7
37 74 7
37 75 2
37 76 7
37 77 3
37 78 6
37 79 7
37 80 3
37 81 7
37 82 9
37 83 6
37 84 1
37 85 2
37 86 4
37 87 4
37 88 5
37 89 5
37 90 9
37 91 0
37 92 2
37 93 7
37 94 2
37 95 6
37 96 6
37 97 5
37 98 8
37 99 5
38 39 1
38 40 8
38 41 2
38 42 0
38 43 4
38 44 4
38 45 6
38 46 7
38 47 4
38 48 5
38 49 1
38 50 5
38 51 7
38 52 2
38 53 5
38 54 6
38 55 4
38 56 7
38 57 4
38 58 7
38 59 2
38 60 1
38 61 8
38 62 3
38 63 4
38 64 6
38 65 5
38 66 3
38 67 4
38 68 4
38 69 4
38 70 5
38 71 1
38 72 2
38 73 8
38 74 6
38 75 6
38 76 0
38 77 3
38 78 7
38 79 7
38 80 9
38 81 9
38 82 8
38 83 8
38 84 1
38 85 4
38 86 0
38 87 4
38 88 6
38 89 7
38 90 7
38 91 2
38 92 3
38 93 8
38 94 7
38 95 8
38 96 0
38 97 3
38 98 2
38 99 2
39 40 8
39 41 0
39 42 8
39 43 1
39 44 4
39 45 0
39 46 3
39 47 5
39 48 3
39 49 6
39 50 6
39 51 3
39 52 4
39 53 5
39 54 0
39 55 8
39 56 0
39 57 7
39 58 5
39 59 6
39 60 7
39 61 9
39 62 0
39 63 9
39 64 3
39 65 9
39 66 7
39 67 5
39 68 2
39 69 7
39 70 4
39 71 6
39 72 4
39 73 4
39 74 1
39 75 2
39 76 7
39 77 3
39 78 4
39 79 8
39 80 8
39 81 5
39 82 7
39 83 3
39 84 2
39 85 0
39 86 7
39 87 3
39 88 7
39 89 2
39 90 1
39 91 3
39 92 6
39 93 8
39 94 7
39 95 7
39 96 3
39 97 9
39 98 1
39 99 5
40 41 6
40 42 0
40 43 0
40 44 3
40 45 8
40 46 3
40 47 7
40 48 2
40 49 4
40 50 4
40 51 3
40 52 0
40 53 1
40 54 5
40 55 8
40 56 6
40 57 3
40 58 5
40 59 1
40 60 0
40 61 9
40 62 1
40 63 3
40 64 0
40 65 4
40 66 5
40 67 1
40 68 2
40 69 3
40 70 4
40 71 8
40 72 5
40 73 4
40 74 7
40 75 4
40 76 3
40 77 4
40 78 2
40 79 4
40 80 4
40 81 6
40 82 2
40 83 9
40 84 9
40 85 9
40 86 4
40 87 0
40 88 4
40 89 1
40 90 1
40 91 4
40 92 8
40 93 4
40 94 2
40 95 2
40 96 4
40 97 8
40 98 0
40 99 1
41 42 9
41 43 0
41 44 9
41 45 8
41 46 4
41 47 8
41 48 9
41 49 9
41 50 0
41 51 6
41 52 2
41 53 6
41 54 3
41 55 4
41 56 1
41 57 6
41 58 4
41 59 0
41 60 1
41 61 5
41 62 3
41 63 4
41 64 4
41 65 7
41 66 2
41 67 7
41 68 4
41 69 6
41 70 5
41 71 9
41 72 9
41 73 1
41 74 8
41 75 9
41 76 2
41 77 3
41 78 1
41 79 5
41 80 8
41 81 1
41 82 7
41 83 3
41 84 6
41 85 4
41 86 6
41 87 2
41 88 3
41 89 7
41 90 6
41 91 7
41 92 6
41 93 6
41 94 5
41 95 8
41 96 2
41 97 1
41 98 6
41 99 3
42 43 5
42 44 2
42 45 4
42 46 0
42 47 2
42 48 5
42 49 5
42 50 6
42 51 4
42 52 1
42 53 3
42 54 6
42 55 3
42 56 7
42 57 0
42 58 2
42 59 4
42 60 1
42 61 5
42 62 1
42 63 4
42 64 5
42 65 3
42 66 7
42 67 4
42 68 1
42 69 9
42 70 0
42 71 3
42 72 1
42 73 1
42 74 7
42 75 3
42 76 1
42 77 1
42 78 2
42 79 0
42 80 9
42 81 3
42 82 3
42 83 7
42 84 9
42 85 9
42 86 3
42 87 7
42 88 2
42 89 2
42 90 4
42 91 6
42 92 2
42 93 5
42 94 6
42 95 0
42 96 2
42 97 4
42 98 2
42 99 3
43 44 1
43 45 8
43 46 2
43 47 5
43 48 5
43 49 4
43 50 0
43 51 2
43 52 8
43 53 3
43 54 9
43 55 6
43 56 2
43 57 0
43 58 5
43 59 6
43 60 4
43 61 6
43 62 7
43 63 4
43 64 0
43 65 2
43 66 2
43 67 5
43 68 8
43 69 7
43 70 3
43 71 9
43 72 0
43 73 3
43 74 9
43 75 1
43 76 3
43 77 0
43 78 2
43 79 3
43 80 5
43 81 0
43 82 4
43 83 1
43 84 4
43 85 1
43 86 4
43 87 3
43 88 7
43 89 7
43 90 0
43 91 4
43 92 5
43 93 7
43 94 8
43 95 8
43 96 7
43 97 2
43 98 7
43 99 6
44 45 2
44 46 4
44 47 5
44 48 3
44 49 1
44 50 3
44 51 9
44 52 6
44 53 2
44 54 4
44 55 7
44 56 7
44 57 6
44 58 8
44 59 6
44 60 4
44 61 9
44 62 9
44 63 3
44 64 8
44 65 6
44 66 0
44 67 2
44 68 6
44 69 0
44 70 2
44 71 6
44 72 4
44 73 5
44 74 9
44 75 3
44 76 6
44 77 2
44 78 6
44 79 1
44 80 2
44 81 8
44 82 9
44 83 7
44 84 5
44 85 4
44 86 9
44 87 1
44 88 2
44 89 9
44 90 3
44 91 3
44 92 3
44 93 4
44 94 9
44 95 6
44 96 2
44 97 2
44 98 5
44 99 9
45 46 3
45 47 1
45 48 1
45 49 9
45 50 2
45 51 2
45 52 0
45 53 7
45 54 0
45 55 3
45 56 2
45 57 6
45 58 7
45 59 9
45 60 5
45 61 3
45 62 6
45 63 0
45 64 2
45 65 5
45 66 7
45 67 4
45 68 1
45 69 7
45 70 2
45 71 8
45 72 7
45 73 0
45 74 6
45 75 9
45 76 9
45 77 9
45 78 5
45 79 7
45 80 5
45 81 6
45 82 1
45 83 2
45 84 6
45 85 0
45 86 8
45 87 1
45 88 7
45 89 2
45 90 0
45 91 2
45 92 9
45 93 2
45 94 0
45 95 1
45 96 1
45 97 1
45 98 3
45 99 8
46 47 5
46 48 8
46 49 8
46 50 7
46 51 0
46 52 0
46 53 0
46 54 1
46 55 8
46 56 3
46 57 9
46 58 2
46 59 9
46 60 9
46 61 0
46 62 2
46 63 0
46 64 1
46 65 0
46 66 2
46 67 1
46 68 6
46 69 4
46 70 3
46 71 2
46 72 0
46 73 6
46 74 5
46 75 7
46 76 3
46 77 5
46 78 5
46 79 4
46 80 8
46 81 3
46 82 0
46 83 6
46 84 4
46 85 1
46 86 1
46 87 4
46 88 3
46 89 1
46 90 5
46 91 9
46 92 1
46 93 2
46 94 0
46 95 3
46 96 2
46 97 9
46 98 6
46 99 8
47 48 7
47 49 6
47 50 1
47 51 9
47 52 3
47 53 8
47 54 3
47 55 6
47 56 9
47 57 1
47 58 6
47 59 6
47 60 1
47 61 9
47 62 4
47 63 8
47 64 4
47 65 8
47 66 9
47 67 8
47 68 4
47 69 5
47 70 0
47 71 5
47 72 6
47 73 5
47 74 6
47 75 9
47 76 4
47 77 2
47 78 1
47 79 2
47 80 9
47 81 3
47 82 2
47 83 0
47 84 6
47 85 1
47 86 5
47 87 6
47 88 4
47 89 3
47 90 1
47 91 8
47 92 7
47 93 8
47 94 5
47 95 4
47 96 9
47 97 2
47 98 1
47 99 9
48 49 5
48 50 2
48 51 4
48 52 7
48 53 2
48 54 4
48 55 5
48 56 4
48 57 3
48 58 9
48 59 8
48 60 2
48 61 3
48 62 7
48 63 6
48 64 7
48 65 8
48 66 9
48 67 4
48 68 3
48 69 4
48 70 3
48 71 1
48 72 1
48 73 0
48 74 5
48 75 4
48 76 0
48 77 9
48 78 3
48 79 6
48 80 1
48 81 2
48 82 0
48 83 6
48 84 5
48 85 5
48 86 6
48 87 9
48 88 0
48 89 0
48 90 6
48 91 4
48 92 2
48 93 0
48 94 0
48 95 4
48 96 4
48 97 9
48 98 1
48 99 1
49 50 4
49 51 7
49 52 2
49 53 1
49 54 9
49 55 9
49 56 0
49 57 7
49 58 7
49 59 5
49 60 8
49 61 5
49 62 7
49 63 1
49 64 0
49 65 0
49 66 2
49 67 8
49 68 3
49 69 7
49 70 9
49 71 4
49 72 6
49 73 1
49 74 3
49 75 6
49 76 4
49 77 2
49 78 7
49 79 1
49 80 0
49 81 1
49 82 5
49 83 1
49 84 0
49 85 9
49 86 6
49 87 8
49 88 2
49 89 1
49 90 5
49 91 6
49 92 0
49 93 1
49 94 8
49 95 5
49 96 1
49 97 1
49 98 5
49 99 4
50 51 0
50 52 5
50 53 1
50 54 1
50 55 4
50 56 7
50 57 2
50 58 2
50 59 6
50 60 7
50 61 2
50 62 2
50 63 1
50 64 0
50 65 9
50 66 5
50 67 8
50 68 5
50 69 7
50 70 7
50 71 0
50 72 0
50 73 0
50 74 5
50 75 0
50 76 2
50 77 5
50 78 0
50 79 1
50 80 6
50 81 1
50 82 9
50 83 1
50 84 0
50 85 7
50 86 3
50 87 3
50 88 1
50 89 2
50 90 3
50 91 4
50 92 7
50 93 1
50 94 7
50 95 4
50 96 7
50 97 4
50 98 6
50 99 8
51 52 5
51 53 9
51 54 0
51 55 3
51 56 5
51 57 9
51 58 9
51 59 2
51 60 9
51 61 8
51 62 5
51 63 4
51 64 5
51 65 6
51 66 4
51 67 0
51 68 5
51 69 5
51 70 5
51 71 0
51 72 4
51 73 2
51 74 8
51 75 1
51 76 4
51 77 8
51 78 2
51 79 2
51 80 5
51 81 7
51 82 6
51 83 0
51 84 2
51 85 9
51 86 2
51 87 3
51 88 7
51 89 8
51 90 8
51 91 1
51 92 1
51 93 9
51 94 2
51 95 7
51 96 3
51 97 7
51 98 7
51 99 7
52 53 5
52 54 1
52 55 4
52 56 1
52 57 2
52 58 3
52 59 3
52 60 1
52 61 2
52 62 1
52 63 9
52 64 4
52 65 6
52 66 2
52 67 7
52 68 1
52 69 1
52 70 3
52 71 6
52 72 2
52 73 2
52 74 7
52 75 5
52 76 6
52 77 7
52 78 9
52 79 0
52 80 6
52 81 4
52 82 9
52 83 4
52 84 0
52 85 3
52 86 0
52 87 7
52 88 9
52 89 0
52 90 7
52 91 4
52 92 4
52 93 4
52 94 5
52 95 8
52 96 3
52 97 7
52 98 8
52 99 4
53 54 3
53 55 1
53 56 3
53 57 2
53 58 5
53 59 1
53 60 5
53 61 1
53 62 7
53 63 7
53 64 2
53 65 4
53 66 9
53 67 5
53 68 3
53 69 7
53 70 5
53 71 8
53 72 8
53 73 4
53 74 5
53 75 8
53 76 5
53 77 8
53 78 1
53 79 8
53 80 7
53 81 0
53 82 4
53 83 0
53 84 7
53 85 8
53 86 5
53 87 1
53 88 6
53 89 2
53 90 5
53 91 9
53 92 6
53 93 8
53 94 4
53 95 7
53 96 8
53 97 1
53 98 0
53 99 8
54 55 6
54 56 0
54 57 4
54 58 1
54 59 5
54 60 6
54 61 9
54 62 8
54 63 2
54 64 9
54 65 3
54 66 9
54 67 9
54 68 3
54 69 6
54 70 1
54 71 7
54 72 8
54 73 9
54 74 1
54 75 8
54 76 4
54 77 6
54 78 6
54 79 1
54 80 0
54 81 0
54 82 8
54 83 1
54 84 6
54 85 4
54 86 0
54 87 4
54 88 6
54 89 4
54 90 7
54 91 1
54 92 1
54 93 6
54 94 7
54 95 8
54 96 7
54 97 5
54 98 9
54 99 0
55 56 9
55 57 3
55 58 8
55 59 4
55 60 4
55 61 0
55 62 7
55 63 5
55 64 4
55 65 6
55 66 9
55 67 6
55 68 4
55 69 2
55 70 5
55 71 9
55 72 6
55 73 2
55 74 5
55 75 7
55 76 0
55 77 5
55 78 3
55 79 8
55 80 5
55 81 1
55 82 2
55 83 0
55 84 8
55 85 1
55 86 4
55 87 0
55 88 5
55 89 7
55 90 5
55 91 2
55 92 9
55 93 6
55 94 9
55 95 7
55 96 9
55 97 8
55 98 5
55 99 0
56 57 6
56 58 9
56 59 4
56 60 7
56 61 3
56 62 1
56 63 6
56 64 3
56 65 1
56 66 3
56 67 6
56 68 4
56 69 7
56 70 0
56 71 4
56 72 3
56 73 7
56 74 5
56 75 7
56 76 0
56 77 1
56 78 4
56 79 9
56 80 1
56 81 5
56 82 1
56 83 9
56 84 2
56 85 5
56 86 5
56 87 6
56 88 3
56 89 3
56 90 1
56 91 2
56 92 9
56 93 7
56 94 0
56 95 6
56 96 9
56 97 2
56 98 6
56 99 1
57 58 5
57 59 4
57 60 1
57 61 4
57 62 2
57 63 4
57 64 3
57 65 4
57 66 8
57 67 9
57 68 5
57 69 8
57 70 6
57 71 1
57 72 8
57 73 8
57 74 6
57 75 0
57 76 4
57 77 6
57 78 4
57 79 3
57 80 4
57 81 2
57 82 0
57 83 7
57 84 0
57 85 3
57 86 4
57 87 8
57 88 0
57 89 8
57 90 5
57 91 0
57 92 4
57 93 6
57 94 2
57 95 8
57 96 7
57 97 9
57 98 9
57 99 0
58 59 6
58 60 9
58 61 7
58 62 2
58 63 7
58 64 0
58 65 4
58 66 6
58 67 7
58 68 1
58 69 3
58 70 2
58 71 5
58 72 8
58 73 8
58 74 9
58 75 2
58 76 3
58 77 1
58 78 6
58 79 2
58 80 6
58 81 1
58 82 8
58 83 9
58 84 9
58 85 7
58 86 2
58 87 3
58 88 3
58 89 3
58 90 0
58 91 2
58 92 1
58 93 4
58 94 6
58 95 3
58 96 7
58 97 0
58 98 9
58 99 4
59 60 3
59 61 0
59 62 1
59 63 3
59 64 7
59 65 6
59 66 3
59 67 2
59 68 8
59 69 8
59 70 7
59 71 2
59 72 5
59 73 7
59 74 8
59 75 0
59 76 4
59 77 0
59 78 7
59 79 8
59 80 8
59 81 1
59 82 7
59 83 7
59 84 4
59 85 1
59 86 7
59 87 2
59 88 4
59 89 2
59 90 6
59 91 3
59 92 5
59 93 3
59 94 9
59 95 5
59 96 6
59 97 8
59 98 4
59 99 3
60 61 6
60 62 3
60 63 3
60 64 7
60 65 9
60 66 2
60 67 3
60 68 0
60 69 5
60 70 0
60 71 8
60 72 3
60 73 9
60 74 2
60 75 1
60 76 1
60 77 4
60 78 6
60 79 6
60 80 0
60 81 7
60 82 3
60 83 5
60 84 6
60 85 1
60 86 7
60 87 5
60 88 6
60 89 0
60 90 5
60 91 5
60 92 9
60 93 7
60 94 2
60 95 1
60 96 9
60 97 6
60 98 0
60 99 1
61 62 8
61 63 6
61 64 9
61 65 1
61 66 2
61 67 8
61 68 7
61 69 4
61 70 8
61 71 3
61 72 5
61 73 2
61 74 0
61 75 7
61 76 3
61 77 0
61 78 5
61 79 9
61 80 0
61 81 0
61 82 3
61 83 1
61 84 8
61 85 2
61 86 5
61 87 1
61 88 6
61 89 9
61 90 6
61 91 0
61 92 3
61 93 4
61 94 6
61 95 6
61 96 3
61 97 1
61 98 3
61 99 4
62 63 4
62 64 4
62 65 0
62 66 1
62 67 5
62 68 5
62 69 6
62 70 2
62 71 5
62 72 8
62 73 8
62 74 6
62 75 7
62 76 9
62 77 3
62 78 8
62 79 3
62 80 1
62 81 5
62 82 5
62 83 6
62 84 2
62 85 3
62 86 9
62 87 7
62 88 1
62 89 6
62 90 9
62 91 1
62 92 7
62 93 1
62 94 1
62 95 1
62 96 5
62 97 9
62 98 3
62 99 6
63 64 9
63 65 3
63 66 7
63 67 8
63 68 4
63 69 9
63 70 9
63 71 3
63 72 5
63 73 0
63 74 7
63 75 4
63 76 3
63 77 5
63 78 8
63 79 0
63 80 0
63 81 6
63 82 0
63 83 7
63 84 6
63 85 5
63 86 0
63 87 1
63 88 9
63 89 0
63 90 8
63 91 0
63 92 3
63 93 9
63 94 0
63 95 5
63 96 5
63 97 9
63 98 8
63 99 1
64 65 7
64 66 7
64 67 4
64 68 1
64 69 9
64 70 0
64 71 3
64 72 0
64 73 5
64 74 6
64 75 7
64 76 7
64 77 2
64 78 7
64 79 5
64 80 6
64 81 6
64 82 8
64 83 3
64 84 0
64 85 5
64 86 7
64 87 9
64 88 9
64 89 7
64 90 4
64 91 0
64 92 7
64 93 0
64 94 3
64 95 8
64 96 2
64 97 0
64 98 2
64 99 2
65 66 3
65 67 0
65 68 7
65 69 3
65 70 4
65 71 3
65 72 7
65 73 2
65 74 1
65 75 6
65 76 2
65 77 2
65 78 0
65 79 6
65 80 3
65 81 5
65 82 9
65 83 9
65 84 1
65 85 4
65 86 0
65 87 8
65 88 3
65 89 0
65 90 8
65 91 8
65 92 2
65 93 7
65 94 2
65 95 1
65 96 1
65 97 1
65 98 4
65 99 7
66 67 4
66 68 9
66 69 6
66 70 2
66 71 9
66 72 0
66 73 3
66 74 2
66 75 6
66 76 2
66 77 0
66 78 8
66 79 1
66 80 0
66 81 7
66 82 5
66 83 6
66 84 3
66 85 1
66 86 2
66 87 8
66 88 9
66 89 1
66 90 4
66 91 7
66 92 6
66 93 3
66 94 6
66 95 2
66 96 3
66 97 6
66 98 5
66 99 5
67 68 4
67 69 4
67 70 7
67 71 3
67 72 9
67 73 8
67 74 0
67 75 5
67 76 1
67 77 0
67 78 4
67 79 5
67 80 6
67 81 0
67 82 4
67 83 2
67 84 2
67 85 9
67 86 4
67 87 3
67 88 2
67 89 0
67 90 3
67 91 9
67 92 5
67 93 5
67 94 9
67 95 5
67 96 0
67 97 3
67 98 5
67 99 3
68 69 4
68 70 1
68 71 0
68 72 3
68 73 0
68 74 8
68 75 0
68 76 2
68 77 5
68 78 8
68 79 5
68 80 8
68 81 2
68 82 0
68 83 5
68 84 5
68 85 6
68 86 6
68 87 4
68 88 8
68 89 8
68 90 9
68 91 1
68 92 6
68 93 4
68 94 6
68 95 9
68 96 9
68 97 8
68 98 2
68 99 4
69 70 9
69 71 2
69 72 4
69 73 3
69 74 0
69 75 5
69 76 5
69 77 3
69 78 6
69 79 0
69 80 9
69 81 6
69 82 3
69 83 6
69 84 5
69 85 7
69 86 4
69 87 5
69 88 8
69 89 0
69 90 3
69 91 9
69 92 1
69 93 1
69 94 5
69 95 0
69 96 3
69 97 9
69 98 7
69 99 8
70 71 1
70 72 3
70 73 4
70 74 2
70 75 8
70 76 8
70 77 5
70 78 8
70 79 3
70 80 6
70 81 7
70 82 1
70 83 7
70 84 5
70 85 1
70 86 1
70 87 6
70 88 9
70 89 4
70 90 4
70 91 2
70 92 1
70 93 4
70 94 9
70 95 4
70 96 4
70 97 4
70 98 8
70 99 0
71 72 8
71 73 4
71 74 5
71 75 5
71 76 5
71 77 2
71 78 2
71 79 9
71 80 5
71 81 0
71 82 2
71 83 7
71 84 4
71 85 5
71 86 0
71 87 5
71 88 2
71 89 1
71 90 1
71 91 7
71 92 4
71 93 9
71 94 8
71 95 1
71 96 4
71 97 7
71 98 5
71 99 8
72 73 6
72 74 9
72 75 4
72 76 9
72 77 8
72 78 9
72 79 5
72 80 9
72 81 9
72 82 0
72 83 9
72 84 3
72 85 1
72 86 0
72 87 7
72 88 1
72 89 7
72 90 0
72 91 6
72 92 8
72 93 9
72 94 0
72 95 0
72 96 7
72 97 2
72 98 5
72 99 3
73 74 1
73 75 3
73 76 1
73 77 6
73 78 0
73 79 4
73 80 7
73 81 1
73 82 7
73 83 4
73 84 6
73 85 0
73 86 4
73 87 5
73 88 3
73 89 6
73 90 0
73 91 0
73 92 3
73 93 1
73 94 5
73 95 4
73 96 8
73 97 8
73 98 0
73 99 4
74 75 8
74 76 0
74 77 2
74 78 4
74 79 2
74 80 2
74 81 1
74 82 9
74 83 8
74 84 9
74 85 8
74 86 7
74 87 8
74 88 0
74 89 0
74 90 3
74 91 4
74 92 2
74 93 6
74 94 8
74 95 2
74 96 3
74 97 1
74 98 4
74 99 6
75 76 5
75 77 0
75 78 5
75 79 7
75 80 4
75 81 7
75 82 2
75 83 6
75 84 9
75 85 7
75 86 9
75 87 0
75 88 4
75 89 8
75 90 5
75 91 1
75 92 3
75 93 4
75 94 9
75 95 6
75 96 1
75 97 5
75 98 1
75 99 3
76 77 6
76 78 7
76 79 3
76 80 5
76 81 9
76 82 8
76 83 9
76 84 2
76 85 1
76 86 4
76 87 6
76 88 1
76 89 9
76 90 2
76 91 2
76 92 5
76 93 3
76 94 7
76 95 7
76 96 1
76 97 2
76 98 5
76 99 4
77 78 1
77 79 8
77 80 0
77 81 4
77 82 9
77 83 4
77 84 5
77 85 2
77 86 8
77 87 4
77 88 5
77 89 1
77 90 8
77 91 5
77 92 5
77 93 1
77 94 9
77 95 7
77 96 7
77 97 0
77 98 1
77 99 5
78 79 1
78 80 3
78 81 3
78 82 4
78 83 9
78 84 7
78 85 8
78 86 6
78 87 6
78 88 0
78 89 3
78 90 6
78 91 9
78 92 0
78 93 2
78 94 6
78 95 0
78 96 0
78 97 9
78 98 4
78 99 2
79 80 6
79 81 2
79 82 0
79 83 7
79 84 9
79 85 6
79 86 3
79 87 8
79 88 1
79 89 1
79 90 9
79 91 8
79 92 9
79 93 5
79 94 8
79 95 1
79 96 5
79 97 1
79 98 7
79 99 6
80 81 7
80 82 4
80 83 7
80 84 5
80 85 1
80 86 7
80 87 2
80 88 7
80 89 4
80 90 6
80 91 2
80 92 5
80 93 2
80 94 9
80 95 2
80 96 8
80 97 3
80 98 8
80 99 1
81 82 6
81 83 0
81 84 8
81 85 5
81 86 9
81 87 2
81 88 4
81 89 7
81 90 0
81 91 3
81 92 7
81 93 6
81 94 4
81 95 6
81 96 0
81 97 3
81 98 1
81 99 2
82 83 7
82 84 3
82 85 7
82 86 7
82 87 1
82 88 0
82 89 1
82 90 9
82 91 1
82 92 0
82 93 4
82 94 0
82 95 1
82 96 1
82 97 9
82 98 4
82 99 5
83 84 5
83 85 4
83 86 7
83 87 2
83 88 8
83 89 7
83 90 3
83 91 8
83 92 2
83 93 6
83 94 6
83 95 2
83 96 3
83 97 0
83 98 7
83 99 7
84 85 3
84 86 6
84 87 3
84 88 0
84 89 0
84 90 7
84 91 4
84 92 6
84 93 4
84 94 0
84 95 5
84 96 8
84 97 4
84 98 3
84 99 2
85 86 7
85 87 5
85 88 7
85 89 7
85 90 8
85 91 3
85 92 1
85 93 3
85 94 8
85 95 1
85 96 0
85 97 6
85 98 6
85 99 6
86 87 2
86 88 4
86 89 4
86 90 0
86 91 2
86 92 1
86 93 3
86 94 5
86 95 0
86 96 3
86 97 0
86 98 2
86 99 7
87 88 5
87 89 3
87 90 1
87 91 6
87 92 7
87 93 1
87 94 2
87 95 3
87 96 9
87 97 9
87 98 2
87 99 5
88 89 5
88 90 3
88 91 5
88 92 8
88 93 1
88 94 2
88 95 9
88 96 8
88 97 7
88 98 5
88 99 8
89 90 2
89 91 6
89 92 3
89 93 9
89 94 3
89 95 3
89 96 2
89 97 2
89 98 1
89 99 2
90 91 9
90 92 4
90 93 4
90 94 3
90 95 8
90 96 5
90 97 9
90 98 8
90 99 9
91 92 7
91 93 1
91 94 5
91 95 0
91 96 9
91 97 6
91 98 5
91 99 9
92 93 3
92 94 1
92 95 1
92 96 5
92 97 3
92 98 6
92 99 8
93 94 4
93 95 1
93 96 2
93 97 0
93 98 1
93 99 7
94 95 8
94 96 5
94 97 5
94 98 5
94 99 1
95 96 9
95 97 6
95 98 8
95 99 0
96 97 1
96 98 7
96 99 6
97 98 0
97 99 8
98 99 6
