all result:
v in set: 0 6 17 19 26 28 31 34 35 37 57 58 60 63 64 68 70 71 72 77 79 84 87 90 94 96 111 113 126 128 131 132 134 143 154 160 172 179 183 190 203 210 218 223 225 230 234 237 238 239 242 250 255 258 265 266 267 273 286 293 298 315 316 322 325 326 331 332 340 351 354 358 359 364 367 374 379 383 387 393 400 401 403 420 424 439 443 445 449 453 467 470 471 472 474 481 483 485 497 499 
time used: 247100ms
cost: 31

v in set: 5 13 17 31 32 37 38 43 55 62 65 69 77 84 85 86 89 91 99 105 109 114 123 137 141 147 150 165 168 179 184 186 189 190 196 201 202 213 217 219 226 227 228 229 236 240 244 253 255 257 258 263 268 269 270 273 274 275 287 288 306 313 314 321 325 331 332 339 353 354 355 364 366 372 376 381 384 387 391 392 396 402 407 413 420 424 430 431 432 436 440 458 462 467 473 476 488 496 498 499 
time used: 161230ms
cost: 31

v in set: 7 14 19 25 27 28 31 41 44 45 52 53 59 60 63 66 69 76 78 80 83 89 90 94 96 97 107 116 122 125 132 138 145 146 147 148 153 157 162 164 173 174 178 181 183 187 195 200 205 206 211 217 219 223 227 230 234 240 242 266 268 272 274 281 290 294 295 297 298 301 307 318 329 331 337 338 340 352 365 366 373 374 381 383 385 392 395 401 402 407 420 450 453 469 477 478 485 492 497 499 
time used: 124420ms
cost: 32

v in set: 9 13 18 28 41 54 59 73 75 76 86 95 96 98 104 121 129 133 136 139 140 142 156 157 166 176 185 186 192 197 198 201 212 224 226 232 234 240 244 245 246 247 250 256 261 265 267 270 278 279 287 306 308 310 316 317 323 326 327 329 330 331 332 334 335 337 339 341 346 356 358 364 367 372 376 381 382 392 394 395 398 401 415 422 429 430 434 444 449 452 461 464 465 469 474 479 480 489 495 499 
time used: 20310ms
cost: 31

v in set: 16 19 20 21 22 25 33 35 38 50 51 53 54 59 62 66 68 74 79 81 88 92 93 103 104 107 116 123 124 127 129 135 137 140 154 165 166 167 169 172 174 185 190 197 198 201 202 212 218 219 224 225 228 233 239 247 248 249 250 258 259 263 264 265 285 288 293 296 297 300 301 307 318 319 341 355 362 369 375 385 386 390 401 407 408 424 436 440 445 449 468 470 477 478 479 481 484 486 489 496 
time used: 126830ms
cost: 30

v in set: 4 12 13 19 20 28 33 36 38 39 49 53 59 71 87 89 92 94 95 97 103 106 112 116 117 118 128 136 141 151 152 154 157 162 169 171 174 177 180 188 189 199 200 204 205 209 212 214 215 218 226 232 236 243 248 249 257 261 262 266 267 273 277 286 293 296 302 305 313 316 318 324 333 336 340 341 348 367 376 386 395 398 414 415 417 418 419 421 425 462 467 469 473 478 481 488 489 490 497 499 
time used: 433060ms
cost: 28

v in set: 8 14 29 30 31 33 34 37 39 44 49 54 59 66 68 69 70 71 74 84 92 107 115 118 130 132 140 160 167 169 173 174 176 182 185 192 197 198 206 209 217 219 225 226 227 229 232 233 238 240 248 250 254 257 261 270 277 281 286 288 290 291 292 293 300 302 313 319 322 324 325 331 341 342 346 347 361 367 384 387 405 407 412 421 422 424 427 428 434 435 443 448 449 455 461 468 473 484 488 489 
time used: 132340ms
cost: 30

v in set: 0 1 4 5 9 15 28 30 34 37 40 41 49 52 56 62 66 67 70 75 94 103 108 110 114 117 125 128 130 136 139 141 143 159 162 165 166 172 174 179 180 188 199 203 210 215 229 230 236 241 244 246 248 252 256 267 274 278 279 287 289 290 292 293 297 312 313 314 315 319 327 329 333 335 341 357 358 359 374 378 379 388 389 390 409 420 424 443 450 457 467 473 478 480 483 484 486 492 496 499 
time used: 465270ms
cost: 30

v in set: 1 10 11 12 17 18 28 29 36 39 40 49 56 57 59 65 71 73 77 90 94 95 112 115 121 135 137 141 145 149 152 165 166 167 168 171 191 195 197 198 206 210 220 230 234 240 246 255 260 264 271 276 277 279 283 288 293 297 304 309 312 314 322 331 351 357 360 361 362 363 371 377 380 384 395 396 400 409 414 415 417 421 426 430 439 447 450 457 461 465 476 479 481 484 487 492 495 496 498 499 
time used: 113310ms
cost: 29

v in set: 1 2 4 5 6 10 13 24 29 33 40 55 58 61 62 68 71 79 82 86 88 94 108 117 119 122 126 129 131 135 144 146 152 153 155 159 162 164 172 174 176 180 186 192 195 197 200 213 215 223 228 246 247 252 253 256 257 263 264 267 270 274 278 287 288 300 303 310 311 314 315 320 321 326 332 337 348 355 393 396 397 404 416 428 429 437 438 443 444 450 456 466 467 469 476 478 486 489 491 494 
time used: 90310ms
cost: 31

best result:
v in set: 4 12 13 19 20 28 33 36 38 39 49 53 59 71 87 89 92 94 95 97 103 106 112 116 117 118 128 136 141 151 152 154 157 162 169 171 174 177 180 188 189 199 200 204 205 209 212 214 215 218 226 232 236 243 248 249 257 261 262 266 267 273 277 286 293 296 302 305 313 316 318 324 333 336 340 341 348 367 376 386 395 398 414 415 417 418 419 421 425 462 467 469 473 478 481 488 489 490 497 499 
time used: 433060ms
cost: 28

average: 
average time: 191418ms
average cost: 30.3
