100 10
0 1 0
0 2 3
0 3 4
0 4 7
0 5 9
0 6 2
0 7 2
0 8 4
0 9 1
0 10 7
0 11 9
0 12 9
0 13 5
0 14 1
0 15 9
0 16 9
0 17 5
0 18 7
0 19 1
0 20 4
0 21 3
0 22 9
0 23 0
0 24 2
0 25 4
0 26 2
0 27 9
0 28 3
0 29 6
0 30 6
0 31 7
0 32 3
0 33 8
0 34 7
0 35 5
0 36 9
0 37 7
0 38 0
0 39 1
0 40 1
0 41 2
0 42 4
0 43 3
0 44 5
0 45 2
0 46 0
0 47 4
0 48 5
0 49 5
0 50 7
0 51 4
0 52 3
0 53 4
0 54 2
0 55 5
0 56 4
0 57 1
0 58 6
0 59 5
0 60 7
0 61 7
0 62 7
0 63 7
0 64 8
0 65 7
0 66 9
0 67 8
0 68 5
0 69 8
0 70 3
0 71 5
0 72 7
0 73 7
0 74 0
0 75 8
0 76 3
0 77 2
0 78 9
0 79 2
0 80 9
0 81 1
0 82 5
0 83 0
0 84 6
0 85 9
0 86 6
0 87 3
0 88 0
0 89 9
0 90 2
0 91 8
0 92 1
0 93 0
0 94 0
0 95 0
0 96 1
0 97 2
0 98 3
0 99 4
1 2 2
1 3 5
1 4 4
1 5 7
1 6 1
1 7 3
1 8 2
1 9 6
1 10 6
1 11 2
1 12 1
1 13 1
1 14 6
1 15 1
1 16 4
1 17 2
1 18 3
1 19 3
1 20 8
1 21 4
1 22 8
1 23 2
1 24 2
1 25 5
1 26 6
1 27 1
1 28 9
1 29 7
1 30 4
1 31 6
1 32 4
1 33 5
1 34 0
1 35 9
1 36 9
1 37 3
1 38 7
1 39 2
1 40 9
1 41 1
1 42 2
1 43 6
1 44 8
1 45 0
1 46 9
1 47 2
1 48 4
1 49 7
1 50 7
1 51 8
1 52 9
1 53 6
1 54 3
1 55 3
1 56 8
1 57 9
1 58 2
1 59 0
1 60 3
1 61 2
1 62 7
1 63 2
1 64 7
1 65 9
1 66 1
1 67 8
1 68 2
1 69 0
1 70 2
1 71 7
1 72 7
1 73 7
1 74 1
1 75 6
1 76 0
1 77 5
1 78 2
1 79 5
1 80 5
1 81 5
1 82 9
1 83 1
1 84 8
1 85 2
1 86 0
1 87 7
1 88 7
1 89 7
1 90 9
1 91 6
1 92 4
1 93 2
1 94 9
1 95 6
1 96 0
1 97 6
1 98 0
1 99 8
2 3 1
2 4 9
2 5 0
2 6 8
2 7 2
2 8 8
2 9 0
2 10 1
2 11 6
2 12 8
2 13 0
2 14 8
2 15 0
2 16 7
2 17 4
2 18 0
2 19 5
2 20 2
2 21 4
2 22 0
2 23 7
2 24 9
2 25 9
2 26 0
2 27 0
2 28 7
2 29 5
2 30 9
2 31 3
2 32 9
2 33 1
2 34 9
2 35 9
2 36 5
2 37 8
2 38 9
2 39 0
2 40 0
2 41 9
2 42 0
2 43 5
2 44 7
2 45 5
2 46 2
2 47 4
2 48 8
2 49 2
2 50 3
2 51 9
2 52 9
2 53 1
2 54 8
2 55 7
2 56 4
2 57 0
2 58 0
2 59 3
2 60 4
2 61 0
2 62 9
2 63 9
2 64 0
2 65 2
2 66 4
2 67 7
2 68 2
2 69 9
2 70 1
2 71 8
2 72 9
2 73 0
2 74 1
2 75 6
2 76 0
2 77 6
2 78 1
2 79 7
2 80 1
2 81 9
2 82 4
2 83 8
2 84 5
2 85 7
2 86 3
2 87 0
2 88 4
2 89 6
2 90 5
2 91 1
2 92 4
2 93 6
2 94 7
2 95 3
2 96 3
2 97 1
2 98 2
2 99 9
3 4 4
3 5 0
3 6 0
3 7 8
3 8 6
3 9 7
3 10 3
3 11 8
3 12 1
3 13 1
3 14 3
3 15 5
3 16 8
3 17 0
3 18 2
3 19 1
3 20 8
3 21 2
3 22 5
3 23 7
3 24 3
3 25 7
3 26 1
3 27 3
3 28 4
3 29 9
3 30 6
3 31 2
3 32 9
3 33 2
3 34 3
3 35 1
3 36 6
3 37 6
3 38 7
3 39 9
3 40 5
3 41 1
3 42 3
3 43 4
3 44 4
3 45 2
3 46 4
3 47 6
3 48 0
3 49 1
3 50 5
3 51 9
3 52 4
3 53 1
3 54 5
3 55 9
3 56 1
3 57 7
3 58 6
3 59 2
3 60 9
3 61 1
3 62 3
3 63 4
3 64 5
3 65 4
3 66 6
3 67 1
3 68 2
3 69 7
3 70 4
3 71 6
3 72 9
3 73 1
3 74 1
3 75 7
3 76 3
3 77 2
3 78 0
3 79 9
3 80 5
3 81 7
3 82 7
3 83 2
3 84 9
3 85 6
3 86 0
3 87 5
3 88 3
3 89 2
3 90 4
3 91 9
3 92 6
3 93 2
3 94 1
3 95 3
3 96 0
3 97 6
3 98 1
3 99 1
4 5 9
4 6 2
4 7 1
4 8 4
4 9 4
4 10 0
4 11 7
4 12 1
4 13 4
4 14 3
4 15 8
4 16 4
4 17 0
4 18 8
4 19 5
4 20 1
4 21 6
4 22 1
4 23 8
4 24 6
4 25 9
4 26 3
4 27 9
4 28 8
4 29 0
4 30 8
4 31 2
4 32 2
4 33 8
4 34 8
4 35 0
4 36 5
4 37 4
4 38 8
4 39 3
4 40 5
4 41 7
4 42 6
4 43 4
4 44 7
4 45 1
4 46 7
4 47 6
4 48 2
4 49 0
4 50 5
4 51 3
4 52 1
4 53 7
4 54 2
4 55 9
4 56 2
4 57 0
4 58 8
4 59 5
4 60 4
4 61 3
4 62 5
4 63 8
4 64 3
4 65 5
4 66 7
4 67 0
4 68 2
4 69 3
4 70 9
4 71 2
4 72 9
4 73 6
4 74 4
4 75 7
4 76 9
4 77 5
4 78 7
4 79 4
4 80 9
4 81 5
4 82 6
4 83 2
4 84 6
4 85 2
4 86 0
4 87 6
4 88 0
4 89 2
4 90 0
4 91 6
4 92 3
4 93 3
4 94 8
4 95 5
4 96 2
4 97 6
4 98 2
4 99 9
5 6 8
5 7 0
5 8 3
5 9 6
5 10 1
5 11 1
5 12 7
5 13 1
5 14 7
5 15 1
5 16 3
5 17 3
5 18 3
5 19 2
5 20 1
5 21 6
5 22 9
5 23 2
5 24 9
5 25 6
5 26 6
5 27 0
5 28 2
5 29 1
5 30 9
5 31 8
5 32 6
5 33 6
5 34 9
5 35 8
5 36 7
5 37 5
5 38 6
5 39 5
5 40 4
5 41 9
5 42 2
5 43 1
5 44 0
5 45 9
5 46 3
5 47 9
5 48 8
5 49 8
5 50 1
5 51 8
5 52 9
5 53 1
5 54 5
5 55 5
5 56 8
5 57 5
5 58 8
5 59 2
5 60 4
5 61 9
5 62 2
5 63 9
5 64 9
5 65 2
5 66 1
5 67 4
5 68 3
5 69 9
5 70 6
5 71 3
5 72 5
5 73 8
5 74 9
5 75 0
5 76 4
5 77 3
5 78 0
5 79 6
5 80 4
5 81 1
5 82 6
5 83 5
5 84 2
5 85 7
5 86 4
5 87 2
5 88 7
5 89 6
5 90 1
5 91 7
5 92 5
5 93 1
5 94 3
5 95 4
5 96 5
5 97 5
5 98 0
5 99 9
6 7 2
6 8 1
6 9 4
6 10 0
6 11 9
6 12 2
6 13 7
6 14 0
6 15 7
6 16 6
6 17 9
6 18 7
6 19 6
6 20 0
6 21 6
6 22 1
6 23 6
6 24 1
6 25 1
6 26 5
6 27 9
6 28 3
6 29 6
6 30 9
6 31 6
6 32 2
6 33 9
6 34 0
6 35 5
6 36 1
6 37 4
6 38 3
6 39 6
6 40 2
6 41 3
6 42 1
6 43 7
6 44 9
6 45 3
6 46 9
6 47 1
6 48 3
6 49 1
6 50 8
6 51 6
6 52 5
6 53 7
6 54 9
6 55 3
6 56 2
6 57 1
6 58 6
6 59 8
6 60 4
6 61 6
6 62 6
6 63 8
6 64 4
6 65 2
6 66 1
6 67 8
6 68 8
6 69 8
6 70 4
6 71 1
6 72 5
6 73 5
6 74 9
6 75 0
6 76 1
6 77 7
6 78 0
6 79 6
6 80 7
6 81 2
6 82 5
6 83 3
6 84 4
6 85 3
6 86 8
6 87 8
6 88 9
6 89 4
6 90 3
6 91 2
6 92 9
6 93 0
6 94 7
6 95 0
6 96 9
6 97 9
6 98 2
6 99 5
7 8 3
7 9 9
7 10 4
7 11 6
7 12 5
7 13 7
7 14 6
7 15 4
7 16 0
7 17 8
7 18 3
7 19 3
7 20 4
7 21 9
7 22 1
7 23 8
7 24 3
7 25 4
7 26 5
7 27 1
7 28 2
7 29 6
7 30 3
7 31 7
7 32 9
7 33 0
7 34 5
7 35 6
7 36 0
7 37 5
7 38 7
7 39 4
7 40 8
7 41 0
7 42 9
7 43 2
7 44 9
7 45 0
7 46 2
7 47 7
7 48 3
7 49 5
7 50 2
7 51 5
7 52 0
7 53 5
7 54 8
7 55 9
7 56 3
7 57 8
7 58 7
7 59 7
7 60 2
7 61 5
7 62 0
7 63 4
7 64 0
7 65 6
7 66 1
7 67 4
7 68 6
7 69 6
7 70 6
7 71 9
7 72 4
7 73 1
7 74 7
7 75 0
7 76 3
7 77 5
7 78 7
7 79 5
7 80 7
7 81 0
7 82 1
7 83 8
7 84 9
7 85 1
7 86 8
7 87 9
7 88 1
7 89 7
7 90 3
7 91 0
7 92 8
7 93 9
7 94 3
7 95 6
7 96 8
7 97 2
7 98 8
7 99 2
8 9 9
8 10 0
8 11 8
8 12 1
8 13 1
8 14 2
8 15 3
8 16 9
8 17 1
8 18 6
8 19 8
8 20 2
8 21 6
8 22 0
8 23 8
8 24 6
8 25 7
8 26 0
8 27 5
8 28 3
8 29 0
8 30 5
8 31 5
8 32 0
8 33 1
8 34 9
8 35 3
8 36 1
8 37 5
8 38 5
8 39 8
8 40 4
8 41 3
8 42 1
8 43 1
8 44 7
8 45 0
8 46 1
8 47 8
8 48 9
8 49 7
8 50 5
8 51 0
8 52 5
8 53 2
8 54 3
8 55 5
8 56 6
8 57 1
8 58 2
8 59 1
8 60 8
8 61 4
8 62 4
8 63 0
8 64 3
8 65 8
8 66 8
8 67 2
8 68 9
8 69 2
8 70 7
8 71 4
8 72 2
8 73 4
8 74 5
8 75 7
8 76 5
8 77 4
8 78 6
8 79 0
8 80 6
8 81 2
8 82 8
8 83 3
8 84 3
8 85 3
8 86 9
8 87 2
8 88 2
8 89 5
8 90 6
8 91 4
8 92 1
8 93 1
8 94 0
8 95 7
8 96 4
8 97 8
8 98 4
8 99 5
9 10 0
9 11 2
9 12 9
9 13 4
9 14 7
9 15 9
9 16 7
9 17 5
9 18 8
9 19 2
9 20 0
9 21 4
9 22 5
9 23 2
9 24 5
9 25 0
9 26 0
9 27 4
9 28 5
9 29 3
9 30 0
9 31 7
9 32 2
9 33 1
9 34 3
9 35 8
9 36 5
9 37 1
9 38 1
9 39 3
9 40 5
9 41 4
9 42 4
9 43 2
9 44 9
9 45 5
9 46 6
9 47 7
9 48 0
9 49 0
9 50 2
9 51 2
9 52 0
9 53 6
9 54 5
9 55 1
9 56 7
9 57 2
9 58 2
9 59 3
9 60 8
9 61 0
9 62 5
9 63 4
9 64 0
9 65 6
9 66 3
9 67 1
9 68 6
9 69 4
9 70 4
9 71 2
9 72 4
9 73 8
9 74 0
9 75 4
9 76 3
9 77 7
9 78 0
9 79 1
9 80 2
9 81 1
9 82 1
9 83 6
9 84 5
9 85 4
9 86 3
9 87 9
9 88 8
9 89 4
9 90 5
9 91 7
9 92 5
9 93 2
9 94 7
9 95 7
9 96 5
9 97 6
9 98 0
9 99 2
10 11 3
10 12 1
10 13 0
10 14 9
10 15 5
10 16 5
10 17 0
10 18 4
10 19 5
10 20 3
10 21 3
10 22 7
10 23 4
10 24 3
10 25 1
10 26 2
10 27 4
10 28 2
10 29 4
10 30 4
10 31 6
10 32 5
10 33 9
10 34 2
10 35 0
10 36 1
10 37 8
10 38 0
10 39 2
10 40 0
10 41 6
10 42 2
10 43 3
10 44 8
10 45 3
10 46 0
10 47 4
10 48 5
10 49 0
10 50 9
10 51 2
10 52 8
10 53 3
10 54 5
10 55 5
10 56 3
10 57 8
10 58 7
10 59 2
10 60 5
10 61 7
10 62 9
10 63 1
10 64 7
10 65 0
10 66 1
10 67 8
10 68 6
10 69 5
10 70 2
10 71 1
10 72 7
10 73 3
10 74 2
10 75 8
10 76 3
10 77 7
10 78 0
10 79 4
10 80 8
10 81 1
10 82 5
10 83 8
10 84 9
10 85 8
10 86 1
10 87 6
10 88 5
10 89 6
10 90 2
10 91 0
10 92 5
10 93 6
10 94 1
10 95 9
10 96 5
10 97 8
10 98 8
10 99 7
11 12 3
11 13 4
11 14 3
11 15 1
11 16 0
11 17 1
11 18 8
11 19 6
11 20 6
11 21 5
11 22 3
11 23 4
11 24 0
11 25 9
11 26 8
11 27 3
11 28 2
11 29 8
11 30 1
11 31 6
11 32 3
11 33 6
11 34 0
11 35 9
11 36 8
11 37 4
11 38 2
11 39 7
11 40 0
11 41 7
11 42 5
11 43 6
11 44 2
11 45 9
11 46 3
11 47 5
11 48 7
11 49 8
11 50 3
11 51 2
11 52 1
11 53 4
11 54 7
11 55 0
11 56 9
11 57 4
11 58 0
11 59 5
11 60 9
11 61 5
11 62 8
11 63 8
11 64 6
11 65 9
11 66 4
11 67 3
11 68 2
11 69 5
11 70 7
11 71 0
11 72 0
11 73 7
11 74 4
11 75 2
11 76 3
11 77 1
11 78 9
11 79 6
11 80 0
11 81 1
11 82 8
11 83 2
11 84 3
11 85 1
11 86 7
11 87 1
11 88 1
11 89 9
11 90 2
11 91 8
11 92 1
11 93 8
11 94 5
11 95 1
11 96 9
11 97 0
11 98 3
11 99 9
12 13 7
12 14 5
12 15 7
12 16 7
12 17 1
12 18 9
12 19 5
12 20 0
12 21 7
12 22 0
12 23 9
12 24 3
12 25 9
12 26 4
12 27 8
12 28 4
12 29 1
12 30 6
12 31 7
12 32 1
12 33 5
12 34 5
12 35 8
12 36 8
12 37 9
12 38 1
12 39 8
12 40 9
12 41 8
12 42 8
12 43 4
12 44 9
12 45 8
12 46 2
12 47 8
12 48 4
12 49 5
12 50 1
12 51 5
12 52 4
12 53 2
12 54 7
12 55 1
12 56 7
12 57 1
12 58 2
12 59 0
12 60 5
12 61 4
12 62 6
12 63 3
12 64 0
12 65 9
12 66 3
12 67 6
12 68 3
12 69 6
12 70 7
12 71 3
12 72 1
12 73 9
12 74 3
12 75 7
12 76 2
12 77 0
12 78 8
12 79 1
12 80 4
12 81 5
12 82 9
12 83 3
12 84 3
12 85 4
12 86 4
12 87 7
12 88 7
12 89 6
12 90 4
12 91 6
12 92 1
12 93 2
12 94 3
12 95 1
12 96 1
12 97 6
12 98 0
12 99 6
13 14 6
13 15 4
13 16 8
13 17 8
13 18 8
13 19 3
13 20 0
13 21 9
13 22 1
13 23 4
13 24 4
13 25 9
13 26 1
13 27 2
13 28 2
13 29 2
13 30 1
13 31 3
13 32 6
13 33 6
13 34 3
13 35 3
13 36 7
13 37 0
13 38 8
13 39 5
13 40 0
13 41 8
13 42 0
13 43 6
13 44 9
13 45 9
13 46 3
13 47 6
13 48 6
13 49 5
13 50 4
13 51 5
13 52 8
13 53 8
13 54 2
13 55 7
13 56 8
13 57 8
13 58 5
13 59 8
13 60 9
13 61 4
13 62 6
13 63 0
13 64 1
13 65 5
13 66 8
13 67 1
13 68 8
13 69 7
13 70 2
13 71 6
13 72 9
13 73 1
13 74 6
13 75 8
13 76 3
13 77 7
13 78 0
13 79 2
13 80 0
13 81 1
13 82 5
13 83 6
13 84 4
13 85 1
13 86 3
13 87 8
13 88 4
13 89 8
13 90 4
13 91 0
13 92 7
13 93 9
13 94 3
13 95 1
13 96 2
13 97 0
13 98 8
13 99 3
14 15 5
14 16 9
14 17 6
14 18 0
14 19 2
14 20 5
14 21 8
14 22 4
14 23 4
14 24 6
14 25 9
14 26 1
14 27 4
14 28 4
14 29 9
14 30 1
14 31 4
14 32 6
14 33 1
14 34 5
14 35 1
14 36 8
14 37 4
14 38 5
14 39 0
14 40 6
14 41 1
14 42 3
14 43 7
14 44 3
14 45 4
14 46 7
14 47 2
14 48 0
14 49 8
14 50 5
14 51 1
14 52 8
14 53 3
14 54 3
14 55 4
14 56 5
14 57 3
14 58 8
14 59 0
14 60 2
14 61 6
14 62 4
14 63 8
14 64 5
14 65 6
14 66 5
14 67 9
14 68 8
14 69 1
14 70 6
14 71 5
14 72 4
14 73 8
14 74 1
14 75 7
14 76 9
14 77 9
14 78 4
14 79 5
14 80 1
14 81 4
14 82 8
14 83 5
14 84 4
14 85 7
14 86 5
14 87 2
14 88 8
14 89 4
14 90 1
14 91 6
14 92 1
14 93 8
14 94 9
14 95 6
14 96 5
14 97 0
14 98 8
14 99 0
15 16 9
15 17 5
15 18 4
15 19 3
15 20 1
15 21 0
15 22 9
15 23 1
15 24 4
15 25 9
15 26 8
15 27 5
15 28 2
15 29 7
15 30 9
15 31 7
15 32 8
15 33 4
15 34 7
15 35 3
15 36 4
15 37 1
15 38 8
15 39 7
15 40 7
15 41 0
15 42 2
15 43 7
15 44 1
15 45 1
15 46 8
15 47 6
15 48 7
15 49 4
15 50 5
15 51 7
15 52 2
15 53 4
15 54 4
15 55 1
15 56 4
15 57 4
15 58 3
15 59 5
15 60 3
15 61 3
15 62 3
15 63 0
15 64 3
15 65 9
15 66 2
15 67 8
15 68 4
15 69 9
15 70 4
15 71 6
15 72 3
15 73 1
15 74 3
15 75 5
15 76 8
15 77 7
15 78 8
15 79 5
15 80 5
15 81 7
15 82 7
15 83 3
15 84 3
15 85 9
15 86 7
15 87 7
15 88 7
15 89 6
15 90 0
15 91 1
15 92 4
15 93 0
15 94 3
15 95 1
15 96 8
15 97 2
15 98 4
15 99 9
16 17 7
16 18 0
16 19 5
16 20 8
16 21 7
16 22 9
16 23 2
16 24 9
16 25 2
16 26 6
16 27 2
16 28 5
16 29 1
16 30 3
16 31 4
16 32 5
16 33 8
16 34 5
16 35 3
16 36 8
16 37 1
16 38 3
16 39 3
16 40 6
16 41 9
16 42 0
16 43 3
16 44 5
16 45 4
16 46 6
16 47 9
16 48 8
16 49 9
16 50 4
16 51 0
16 52 7
16 53 8
16 54 1
16 55 2
16 56 4
16 57 9
16 58 4
16 59 0
16 60 0
16 61 6
16 62 2
16 63 7
16 64 1
16 65 5
16 66 9
16 67 7
16 68 1
16 69 7
16 70 0
16 71 3
16 72 1
16 73 2
16 74 0
16 75 9
16 76 5
16 77 5
16 78 5
16 79 2
16 80 6
16 81 2
16 82 8
16 83 8
16 84 2
16 85 7
16 86 4
16 87 7
16 88 9
16 89 0
16 90 0
16 91 4
16 92 2
16 93 8
16 94 0
16 95 6
16 96 2
16 97 3
16 98 6
16 99 9
17 18 4
17 19 2
17 20 5
17 21 1
17 22 1
17 23 8
17 24 5
17 25 4
17 26 4
17 27 0
17 28 2
17 29 3
17 30 1
17 31 1
17 32 2
17 33 9
17 34 2
17 35 1
17 36 2
17 37 8
17 38 5
17 39 0
17 40 0
17 41 7
17 42 1
17 43 8
17 44 3
17 45 5
17 46 9
17 47 6
17 48 9
17 49 3
17 50 6
17 51 6
17 52 2
17 53 0
17 54 9
17 55 7
17 56 6
17 57 6
17 58 5
17 59 2
17 60 7
17 61 8
17 62 3
17 63 2
17 64 0
17 65 6
17 66 0
17 67 0
17 68 3
17 69 9
17 70 1
17 71 8
17 72 8
17 73 4
17 74 6
17 75 0
17 76 2
17 77 7
17 78 3
17 79 9
17 80 7
17 81 6
17 82 9
17 83 5
17 84 5
17 85 0
17 86 4
17 87 0
17 88 9
17 89 2
17 90 4
17 91 7
17 92 2
17 93 5
17 94 8
17 95 6
17 96 8
17 97 5
17 98 6
17 99 3
18 19 4
18 20 3
18 21 7
18 22 9
18 23 3
18 24 2
18 25 2
18 26 0
18 27 5
18 28 1
18 29 4
18 30 9
18 31 4
18 32 0
18 33 3
18 34 2
18 35 3
18 36 5
18 37 2
18 38 6
18 39 1
18 40 4
18 41 0
18 42 4
18 43 6
18 44 4
18 45 5
18 46 2
18 47 1
18 48 4
18 49 5
18 50 8
18 51 9
18 52 5
18 53 2
18 54 5
18 55 5
18 56 1
18 57 7
18 58 9
18 59 3
18 60 3
18 61 8
18 62 8
18 63 2
18 64 7
18 65 6
18 66 4
18 67 0
18 68 1
18 69 4
18 70 4
18 71 9
18 72 4
18 73 8
18 74 0
18 75 1
18 76 6
18 77 0
18 78 3
18 79 9
18 80 1
18 81 2
18 82 6
18 83 7
18 84 1
18 85 9
18 86 9
18 87 7
18 88 2
18 89 0
18 90 3
18 91 5
18 92 2
18 93 0
18 94 9
18 95 4
18 96 4
18 97 7
18 98 0
18 99 8
19 20 2
19 21 6
19 22 7
19 23 0
19 24 7
19 25 5
19 26 4
19 27 1
19 28 9
19 29 3
19 30 9
19 31 0
19 32 9
19 33 2
19 34 5
19 35 8
19 36 9
19 37 5
19 38 8
19 39 7
19 40 8
19 41 0
19 42 0
19 43 1
19 44 8
19 45 1
19 46 1
19 47 8
19 48 4
19 49 0
19 50 4
19 51 8
19 52 1
19 53 2
19 54 6
19 55 3
19 56 9
19 57 5
19 58 3
19 59 2
19 60 1
19 61 3
19 62 0
19 63 3
19 64 3
19 65 7
19 66 7
19 67 6
19 68 5
19 69 4
19 70 1
19 71 1
19 72 6
19 73 8
19 74 5
19 75 5
19 76 6
19 77 6
19 78 0
19 79 0
19 80 3
19 81 5
19 82 0
19 83 8
19 84 6
19 85 7
19 86 5
19 87 0
19 88 3
19 89 8
19 90 4
19 91 3
19 92 4
19 93 1
19 94 3
19 95 7
19 96 6
19 97 2
19 98 1
19 99 3
20 21 9
20 22 9
20 23 3
20 24 4
20 25 8
20 26 1
20 27 1
20 28 5
20 29 2
20 30 1
20 31 9
20 32 8
20 33 2
20 34 4
20 35 7
20 36 1
20 37 6
20 38 0
20 39 0
20 40 3
20 41 1
20 42 0
20 43 0
20 44 2
20 45 5
20 46 0
20 47 6
20 48 6
20 49 2
20 50 7
20 51 0
20 52 0
20 53 8
20 54 2
20 55 4
20 56 9
20 57 6
20 58 4
20 59 1
20 60 1
20 61 5
20 62 8
20 63 5
20 64 7
20 65 8
20 66 1
20 67 4
20 68 3
20 69 9
20 70 2
20 71 2
20 72 1
20 73 2
20 74 9
20 75 9
20 76 3
20 77 3
20 78 1
20 79 5
20 80 8
20 81 6
20 82 1
20 83 8
20 84 4
20 85 3
20 86 9
20 87 5
20 88 0
20 89 3
20 90 6
20 91 8
20 92 6
20 93 4
20 94 1
20 95 5
20 96 9
20 97 1
20 98 4
20 99 3
21 22 9
21 23 8
21 24 9
21 25 4
21 26 7
21 27 7
21 28 5
21 29 2
21 30 9
21 31 5
21 32 2
21 33 5
21 34 0
21 35 7
21 36 0
21 37 3
21 38 9
21 39 5
21 40 9
21 41 3
21 42 4
21 43 0
21 44 1
21 45 9
21 46 0
21 47 7
21 48 5
21 49 9
21 50 1
21 51 3
21 52 9
21 53 5
21 54 2
21 55 4
21 56 6
21 57 6
21 58 4
21 59 8
21 60 2
21 61 9
21 62 1
21 63 9
21 64 3
21 65 3
21 66 2
21 67 9
21 68 8
21 69 8
21 70 6
21 71 1
21 72 2
21 73 7
21 74 4
21 75 8
21 76 1
21 77 9
21 78 0
21 79 6
21 80 0
21 81 9
21 82 7
21 83 6
21 84 8
21 85 1
21 86 5
21 87 8
21 88 6
21 89 1
21 90 9
21 91 7
21 92 1
21 93 4
21 94 6
21 95 0
21 96 5
21 97 6
21 98 6
21 99 9
22 23 9
22 24 5
22 25 5
22 26 2
22 27 3
22 28 9
22 29 8
22 30 9
22 31 7
22 32 8
22 33 8
22 34 2
22 35 7
22 36 6
22 37 2
22 38 0
22 39 9
22 40 4
22 41 2
22 42 0
22 43 4
22 44 4
22 45 5
22 46 0
22 47 4
22 48 4
22 49 3
22 50 5
22 51 1
22 52 9
22 53 9
22 54 9
22 55 5
22 56 7
22 57 9
22 58 7
22 59 5
22 60 1
22 61 1
22 62 3
22 63 3
22 64 6
22 65 7
22 66 4
22 67 7
22 68 0
22 69 3
22 70 5
22 71 9
22 72 6
22 73 7
22 74 0
22 75 8
22 76 6
22 77 7
22 78 9
22 79 7
22 80 2
22 81 7
22 82 1
22 83 8
22 84 3
22 85 4
22 86 4
22 87 0
22 88 4
22 89 8
22 90 1
22 91 6
22 92 1
22 93 5
22 94 7
22 95 4
22 96 0
22 97 7
22 98 5
22 99 3
23 24 1
23 25 7
23 26 0
23 27 6
23 28 5
23 29 6
23 30 1
23 31 2
23 32 9
23 33 8
23 34 0
23 35 9
23 36 4
23 37 1
23 38 9
23 39 1
23 40 0
23 41 0
23 42 3
23 43 2
23 44 7
23 45 6
23 46 5
23 47 1
23 48 2
23 49 1
23 50 6
23 51 8
23 52 3
23 53 2
23 54 2
23 55 3
23 56 4
23 57 8
23 58 6
23 59 2
23 60 3
23 61 3
23 62 6
23 63 2
23 64 7
23 65 4
23 66 0
23 67 6
23 68 8
23 69 7
23 70 6
23 71 8
23 72 3
23 73 0
23 74 8
23 75 1
23 76 8
23 77 1
23 78 2
23 79 3
23 80 1
23 81 7
23 82 1
23 83 1
23 84 1
23 85 0
23 86 6
23 87 2
23 88 4
23 89 5
23 90 7
23 91 7
23 92 1
23 93 3
23 94 0
23 95 2
23 96 1
23 97 4
23 98 5
23 99 8
24 25 4
24 26 2
24 27 3
24 28 1
24 29 8
24 30 5
24 31 9
24 32 2
24 33 8
24 34 4
24 35 8
24 36 2
24 37 2
24 38 3
24 39 8
24 40 4
24 41 2
24 42 2
24 43 7
24 44 9
24 45 8
24 46 0
24 47 0
24 48 8
24 49 2
24 50 0
24 51 2
24 52 5
24 53 8
24 54 0
24 55 1
24 56 4
24 57 3
24 58 5
24 59 7
24 60 4
24 61 7
24 62 1
24 63 7
24 64 3
24 65 1
24 66 3
24 67 6
24 68 5
24 69 7
24 70 1
24 71 5
24 72 2
24 73 2
24 74 1
24 75 5
24 76 8
24 77 2
24 78 3
24 79 3
24 80 6
24 81 7
24 82 6
24 83 4
24 84 9
24 85 0
24 86 6
24 87 4
24 88 6
24 89 7
24 90 1
24 91 4
24 92 3
24 93 3
24 94 7
24 95 4
24 96 3
24 97 6
24 98 1
24 99 5
25 26 8
25 27 6
25 28 2
25 29 5
25 30 8
25 31 7
25 32 5
25 33 3
25 34 2
25 35 7
25 36 3
25 37 2
25 38 0
25 39 6
25 40 7
25 41 0
25 42 3
25 43 8
25 44 0
25 45 7
25 46 5
25 47 8
25 48 3
25 49 6
25 50 7
25 51 0
25 52 8
25 53 2
25 54 9
25 55 0
25 56 4
25 57 0
25 58 3
25 59 2
25 60 6
25 61 1
25 62 1
25 63 1
25 64 3
25 65 1
25 66 9
25 67 1
25 68 1
25 69 5
25 70 7
25 71 5
25 72 2
25 73 5
25 74 1
25 75 5
25 76 4
25 77 1
25 78 7
25 79 4
25 80 0
25 81 1
25 82 7
25 83 3
25 84 4
25 85 0
25 86 5
25 87 7
25 88 4
25 89 2
25 90 4
25 91 4
25 92 3
25 93 6
25 94 9
25 95 8
25 96 8
25 97 3
25 98 9
25 99 7
26 27 5
26 28 4
26 29 7
26 30 1
26 31 0
26 32 2
26 33 0
26 34 9
26 35 1
26 36 8
26 37 6
26 38 2
26 39 6
26 40 4
26 41 2
26 42 1
26 43 8
26 44 3
26 45 8
26 46 7
26 47 0
26 48 0
26 49 4
26 50 3
26 51 4
26 52 9
26 53 9
26 54 1
26 55 6
26 56 2
26 57 3
26 58 6
26 59 3
26 60 9
26 61 8
26 62 7
26 63 0
26 64 8
26 65 4
26 66 3
26 67 1
26 68 8
26 69 8
26 70 6
26 71 1
26 72 9
26 73 0
26 74 5
26 75 5
26 76 7
26 77 6
26 78 3
26 79 5
26 80 9
26 81 4
26 82 3
26 83 8
26 84 9
26 85 4
26 86 6
26 87 5
26 88 8
26 89 7
26 90 6
26 91 0
26 92 5
26 93 7
26 94 2
26 95 2
26 96 0
26 97 8
26 98 2
26 99 9
27 28 1
27 29 1
27 30 4
27 31 1
27 32 1
27 33 6
27 34 5
27 35 7
27 36 3
27 37 4
27 38 9
27 39 8
27 40 9
27 41 0
27 42 1
27 43 0
27 44 7
27 45 4
27 46 2
27 47 4
27 48 0
27 49 1
27 50 2
27 51 1
27 52 1
27 53 1
27 54 9
27 55 6
27 56 6
27 57 2
27 58 4
27 59 7
27 60 2
27 61 0
27 62 4
27 63 7
27 64 7
27 65 3
27 66 7
27 67 8
27 68 3
27 69 8
27 70 6
27 71 6
27 72 8
27 73 5
27 74 3
27 75 2
27 76 2
27 77 7
27 78 5
27 79 8
27 80 7
27 81 1
27 82 2
27 83 8
27 84 5
27 85 2
27 86 2
27 87 1
27 88 1
27 89 6
27 90 9
27 91 9
27 92 2
27 93 5
27 94 8
27 95 6
27 96 3
27 97 8
27 98 7
27 99 7
28 29 8
28 30 4
28 31 0
28 32 9
28 33 9
28 34 1
28 35 1
28 36 2
28 37 4
28 38 1
28 39 8
28 40 1
28 41 4
28 42 3
28 43 9
28 44 9
28 45 3
28 46 3
28 47 4
28 48 3
28 49 5
28 50 2
28 51 3
28 52 5
28 53 2
28 54 4
28 55 0
28 56 3
28 57 1
28 58 0
28 59 7
28 60 5
28 61 1
28 62 3
28 63 7
28 64 7
28 65 4
28 66 5
28 67 5
28 68 8
28 69 1
28 70 0
28 71 0
28 72 6
28 73 1
28 74 2
28 75 3
28 76 8
28 77 6
28 78 5
28 79 0
28 80 3
28 81 1
28 82 4
28 83 3
28 84 8
28 85 4
28 86 1
28 87 3
28 88 8
28 89 4
28 90 3
28 91 4
28 92 9
28 93 3
28 94 1
28 95 4
28 96 4
28 97 7
28 98 3
28 99 0
29 30 2
29 31 9
29 32 6
29 33 7
29 34 8
29 35 6
29 36 1
29 37 1
29 38 3
29 39 3
29 40 7
29 41 3
29 42 3
29 43 6
29 44 0
29 45 6
29 46 7
29 47 1
29 48 3
29 49 4
29 50 6
29 51 0
29 52 3
29 53 0
29 54 6
29 55 6
29 56 3
29 57 0
29 58 5
29 59 7
29 60 8
29 61 7
29 62 5
29 63 0
29 64 0
29 65 8
29 66 5
29 67 1
29 68 6
29 69 3
29 70 5
29 71 3
29 72 4
29 73 4
29 74 7
29 75 0
29 76 3
29 77 2
29 78 9
29 79 3
29 80 0
29 81 7
29 82 0
29 83 5
29 84 3
29 85 5
29 86 4
29 87 3
29 88 7
29 89 7
29 90 0
29 91 8
29 92 6
29 93 8
29 94 1
29 95 8
29 96 2
29 97 1
29 98 9
29 99 2
30 31 0
30 32 5
30 33 2
30 34 5
30 35 6
30 36 6
30 37 7
30 38 6
30 39 7
30 40 7
30 41 0
30 42 3
30 43 9
30 44 4
30 45 4
30 46 8
30 47 4
30 48 6
30 49 0
30 50 0
30 51 1
30 52 1
30 53 5
30 54 1
30 55 7
30 56 0
30 57 3
30 58 6
30 59 4
30 60 2
30 61 5
30 62 9
30 63 4
30 64 5
30 65 5
30 66 0
30 67 4
30 68 4
30 69 1
30 70 1
30 71 4
30 72 0
30 73 1
30 74 6
30 75 6
30 76 6
30 77 8
30 78 1
30 79 1
30 80 0
30 81 5
30 82 1
30 83 5
30 84 2
30 85 1
30 86 0
30 87 8
30 88 0
30 89 1
30 90 1
30 91 6
30 92 6
30 93 0
30 94 3
30 95 1
30 96 6
30 97 9
30 98 9
30 99 4
31 32 3
31 33 8
31 34 1
31 35 6
31 36 3
31 37 3
31 38 3
31 39 1
31 40 3
31 41 7
31 42 7
31 43 2
31 44 4
31 45 7
31 46 6
31 47 8
31 48 8
31 49 0
31 50 9
31 51 9
31 52 8
31 53 6
31 54 9
31 55 5
31 56 8
31 57 4
31 58 9
31 59 4
31 60 3
31 61 8
31 62 2
31 63 5
31 64 5
31 65 3
31 66 5
31 67 5
31 68 4
31 69 9
31 70 5
31 71 5
31 72 3
31 73 0
31 74 5
31 75 1
31 76 1
31 77 0
31 78 5
31 79 5
31 80 5
31 81 4
31 82 1
31 83 3
31 84 4
31 85 6
31 86 9
31 87 8
31 88 8
31 89 3
31 90 5
31 91 2
31 92 3
31 93 3
31 94 1
31 95 4
31 96 7
31 97 1
31 98 8
31 99 4
32 33 2
32 34 0
32 35 6
32 36 2
32 37 4
32 38 1
32 39 5
32 40 6
32 41 6
32 42 7
32 43 3
32 44 8
32 45 9
32 46 8
32 47 3
32 48 0
32 49 3
32 50 3
32 51 8
32 52 4
32 53 8
32 54 2
32 55 1
32 56 3
32 57 2
32 58 9
32 59 9
32 60 1
32 61 9
32 62 3
32 63 3
32 64 7
32 65 7
32 66 8
32 67 9
32 68 1
32 69 5
32 70 9
32 71 1
32 72 3
32 73 2
32 74 8
32 75 6
32 76 3
32 77 7
32 78 4
32 79 0
32 80 6
32 81 4
32 82 0
32 83 7
32 84 3
32 85 9
32 86 5
32 87 2
32 88 6
32 89 6
32 90 1
32 91 4
32 92 3
32 93 1
32 94 1
32 95 6
32 96 4
32 97 0
32 98 1
32 99 2
33 34 6
33 35 6
33 36 1
33 37 5
33 38 6
33 39 0
33 40 9
33 41 1
33 42 3
33 43 6
33 44 3
33 45 2
33 46 0
33 47 0
33 48 4
33 49 2
33 50 5
33 51 0
33 52 0
33 53 8
33 54 0
33 55 6
33 56 6
33 57 5
33 58 6
33 59 0
33 60 8
33 61 7
33 62 8
33 63 3
33 64 5
33 65 0
33 66 4
33 67 3
33 68 6
33 69 1
33 70 5
33 71 4
33 72 0
33 73 2
33 74 8
33 75 2
33 76 8
33 77 6
33 78 4
33 79 8
33 80 1
33 81 5
33 82 7
33 83 3
33 84 7
33 85 8
33 86 5
33 87 8
33 88 4
33 89 8
33 90 6
33 91 7
33 92 0
33 93 6
33 94 0
33 95 5
33 96 1
33 97 0
33 98 3
33 99 5
34 35 9
34 36 1
34 37 0
34 38 0
34 39 2
34 40 8
34 41 8
34 42 2
34 43 9
34 44 0
34 45 1
34 46 2
34 47 6
34 48 0
34 49 3
34 50 6
34 51 1
34 52 5
34 53 0
34 54 6
34 55 5
34 56 1
34 57 1
34 58 5
34 59 7
34 60 2
34 61 1
34 62 8
34 63 9
34 64 3
34 65 7
34 66 3
34 67 7
34 68 8
34 69 7
34 70 1
34 71 4
34 72 3
34 73 2
34 74 6
34 75 0
34 76 4
34 77 2
34 78 5
34 79 6
34 80 0
34 81 4
34 82 0
34 83 5
34 84 4
34 85 2
34 86 9
34 87 3
34 88 1
34 89 5
34 90 1
34 91 3
34 92 9
34 93 5
34 94 3
34 95 9
34 96 7
34 97 0
34 98 1
34 99 5
35 36 7
35 37 8
35 38 1
35 39 0
35 40 4
35 41 3
35 42 4
35 43 7
35 44 5
35 45 0
35 46 7
35 47 9
35 48 4
35 49 3
35 50 8
35 51 2
35 52 6
35 53 7
35 54 4
35 55 2
35 56 5
35 57 2
35 58 8
35 59 4
35 60 6
35 61 4
35 62 0
35 63 1
35 64 0
35 65 4
35 66 6
35 67 1
35 68 3
35 69 9
35 70 8
35 71 3
35 72 2
35 73 8
35 74 4
35 75 3
35 76 3
35 77 5
35 78 1
35 79 6
35 80 7
35 81 9
35 82 8
35 83 9
35 84 9
35 85 4
35 86 5
35 87 8
35 88 8
35 89 9
35 90 1
35 91 0
35 92 8
35 93 6
35 94 1
35 95 2
35 96 6
35 97 6
35 98 3
35 99 1
36 37 2
36 38 4
36 39 5
36 40 3
36 41 0
36 42 8
36 43 9
36 44 3
36 45 1
36 46 5
36 47 2
36 48 4
36 49 0
36 50 6
36 51 8
36 52 1
36 53 0
36 54 5
36 55 1
36 56 4
36 57 3
36 58 4
36 59 4
36 60 3
36 61 7
36 62 3
36 63 5
36 64 4
36 65 4
36 66 7
36 67 7
36 68 1
36 69 2
36 70 1
36 71 7
36 72 7
36 73 2
36 74 7
36 75 5
36 76 2
36 77 0
36 78 4
36 79 4
36 80 5
36 81 8
36 82 3
36 83 8
36 84 0
36 85 7
36 86 1
36 87 3
36 88 3
36 89 6
36 90 9
36 91 4
36 92 7
36 93 9
36 94 5
36 95 9
36 96 6
36 97 5
36 98 5
36 99 6
37 38 5
37 39 8
37 40 2
37 41 3
37 42 3
37 43 6
37 44 1
37 45 4
37 46 1
37 47 7
37 48 4
37 49 5
37 50 7
37 51 7
37 52 0
37 53 9
37 54 5
37 55 8
37 56 3
37 57 4
37 58 2
37 59 5
37 60 8
37 61 7
37 62 4
37 63 7
37 64 7
37 65 1
37 66 4
37 67 5
37 68 8
37 69 5
37 70 8
37 71 5
37 72 0
37 73 9
37 74 7
37 75 3
37 76 6
37 77 0
37 78 7
37 79 2
37 80 7
37 81 8
37 82 5
37 83 1
37 84 0
37 85 5
37 86 0
37 87 3
37 88 2
37 89 0
37 90 6
37 91 6
37 92 8
37 93 6
37 94 0
37 95 2
37 96 8
37 97 9
37 98 3
37 99 2
38 39 5
38 40 2
38 41 4
38 42 5
38 43 2
38 44 6
38 45 3
38 46 9
38 47 8
38 48 7
38 49 0
38 50 3
38 51 9
38 52 6
38 53 3
38 54 5
38 55 1
38 56 1
38 57 2
38 58 5
38 59 1
38 60 0
38 61 9
38 62 1
38 63 6
38 64 2
38 65 0
38 66 7
38 67 5
38 68 1
38 69 5
38 70 5
38 71 4
38 72 6
38 73 9
38 74 4
38 75 5
38 76 6
38 77 0
38 78 8
38 79 3
38 80 4
38 81 9
38 82 1
38 83 9
38 84 0
38 85 5
38 86 5
38 87 7
38 88 9
38 89 8
38 90 4
38 91 2
38 92 8
38 93 8
38 94 4
38 95 0
38 96 6
38 97 0
38 98 3
38 99 5
39 40 7
39 41 6
39 42 1
39 43 1
39 44 2
39 45 1
39 46 8
39 47 0
39 48 3
39 49 9
39 50 3
39 51 8
39 52 8
39 53 4
39 54 0
39 55 6
39 56 1
39 57 4
39 58 8
39 59 5
39 60 3
39 61 3
39 62 7
39 63 5
39 64 9
39 65 2
39 66 8
39 67 2
39 68 1
39 69 6
39 70 8
39 71 4
39 72 9
39 73 8
39 74 5
39 75 4
39 76 9
39 77 4
39 78 0
39 79 7
39 80 4
39 81 2
39 82 1
39 83 1
39 84 5
39 85 2
39 86 0
39 87 5
39 88 5
39 89 1
39 90 6
39 91 8
39 92 0
39 93 3
39 94 5
39 95 8
39 96 0
39 97 3
39 98 1
39 99 1
40 41 7
40 42 9
40 43 0
40 44 0
40 45 1
40 46 9
40 47 6
40 48 6
40 49 7
40 50 1
40 51 2
40 52 2
40 53 5
40 54 0
40 55 1
40 56 2
40 57 8
40 58 4
40 59 0
40 60 6
40 61 0
40 62 1
40 63 3
40 64 9
40 65 9
40 66 7
40 67 6
40 68 6
40 69 9
40 70 2
40 71 7
40 72 4
40 73 7
40 74 9
40 75 9
40 76 1
40 77 7
40 78 8
40 79 5
40 80 1
40 81 9
40 82 9
40 83 7
40 84 7
40 85 1
40 86 3
40 87 5
40 88 2
40 89 6
40 90 3
40 91 3
40 92 5
40 93 0
40 94 9
40 95 9
40 96 5
40 97 7
40 98 3
40 99 4
41 42 0
41 43 5
41 44 6
41 45 6
41 46 2
41 47 2
41 48 4
41 49 3
41 50 2
41 51 1
41 52 6
41 53 8
41 54 0
41 55 7
41 56 6
41 57 0
41 58 2
41 59 6
41 60 8
41 61 9
41 62 2
41 63 9
41 64 1
41 65 2
41 66 0
41 67 3
41 68 7
41 69 0
41 70 9
41 71 5
41 72 5
41 73 4
41 74 6
41 75 4
41 76 1
41 77 7
41 78 0
41 79 7
41 80 5
41 81 2
41 82 7
41 83 0
41 84 0
41 85 5
41 86 8
41 87 5
41 88 4
41 89 4
41 90 8
41 91 5
41 92 5
41 93 4
41 94 7
41 95 9
41 96 2
41 97 8
41 98 4
41 99 2
42 43 9
42 44 4
42 45 3
42 46 1
42 47 5
42 48 1
42 49 8
42 50 6
42 51 0
42 52 9
42 53 8
42 54 9
42 55 9
42 56 2
42 57 0
42 58 0
42 59 1
42 60 2
42 61 8
42 62 5
42 63 5
42 64 8
42 65 2
42 66 2
42 67 5
42 68 3
42 69 4
42 70 7
42 71 4
42 72 1
42 73 8
42 74 9
42 75 6
42 76 2
42 77 8
42 78 0
42 79 3
42 80 4
42 81 3
42 82 2
42 83 5
42 84 8
42 85 3
42 86 8
42 87 6
42 88 6
42 89 1
42 90 8
42 91 6
42 92 1
42 93 1
42 94 0
42 95 9
42 96 2
42 97 5
42 98 4
42 99 3
43 44 9
43 45 9
43 46 1
43 47 7
43 48 3
43 49 4
43 50 2
43 51 7
43 52 6
43 53 7
43 54 7
43 55 2
43 56 9
43 57 0
43 58 6
43 59 2
43 60 1
43 61 4
43 62 7
43 63 7
43 64 1
43 65 8
43 66 3
43 67 4
43 68 9
43 69 7
43 70 1
43 71 3
43 72 5
43 73 8
43 74 2
43 75 6
43 76 4
43 77 8
43 78 8
43 79 6
43 80 6
43 81 6
43 82 0
43 83 1
43 84 0
43 85 5
43 86 0
43 87 2
43 88 0
43 89 5
43 90 9
43 91 9
43 92 7
43 93 4
43 94 4
43 95 2
43 96 6
43 97 3
43 98 5
43 99 1
44 45 5
44 46 5
44 47 0
44 48 1
44 49 8
44 50 6
44 51 6
44 52 4
44 53 7
44 54 2
44 55 4
44 56 6
44 57 0
44 58 9
44 59 4
44 60 7
44 61 5
44 62 8
44 63 1
44 64 2
44 65 9
44 66 0
44 67 4
44 68 5
44 69 9
44 70 1
44 71 3
44 72 5
44 73 7
44 74 2
44 75 4
44 76 5
44 77 4
44 78 1
44 79 1
44 80 7
44 81 5
44 82 4
44 83 6
44 84 6
44 85 8
44 86 2
44 87 4
44 88 9
44 89 2
44 90 4
44 91 5
44 92 5
44 93 3
44 94 1
44 95 2
44 96 4
44 97 0
44 98 4
44 99 6
45 46 9
45 47 9
45 48 1
45 49 8
45 50 1
45 51 2
45 52 8
45 53 1
45 54 2
45 55 5
45 56 8
45 57 4
45 58 9
45 59 3
45 60 5
45 61 4
45 62 1
45 63 4
45 64 3
45 65 0
45 66 9
45 67 4
45 68 2
45 69 7
45 70 3
45 71 2
45 72 5
45 73 8
45 74 0
45 75 5
45 76 1
45 77 7
45 78 6
45 79 8
45 80 8
45 81 0
45 82 0
45 83 3
45 84 4
45 85 2
45 86 5
45 87 0
45 88 6
45 89 7
45 90 1
45 91 3
45 92 2
45 93 9
45 94 9
45 95 7
45 96 9
45 97 8
45 98 4
45 99 3
46 47 3
46 48 0
46 49 8
46 50 7
46 51 6
46 52 0
46 53 4
46 54 3
46 55 4
46 56 5
46 57 6
46 58 9
46 59 9
46 60 6
46 61 7
46 62 2
46 63 7
46 64 6
46 65 7
46 66 5
46 67 4
46 68 5
46 69 7
46 70 5
46 71 9
46 72 0
46 73 1
46 74 8
46 75 3
46 76 4
46 77 7
46 78 8
46 79 3
46 80 3
46 81 5
46 82 7
46 83 6
46 84 4
46 85 4
46 86 7
46 87 1
46 88 7
46 89 3
46 90 1
46 91 2
46 92 3
46 93 4
46 94 7
46 95 4
46 96 6
46 97 5
46 98 2
46 99 2
47 48 9
47 49 7
47 50 0
47 51 8
47 52 2
47 53 7
47 54 5
47 55 9
47 56 0
47 57 1
47 58 3
47 59 5
47 60 9
47 61 3
47 62 0
47 63 0
47 64 3
47 65 5
47 66 0
47 67 4
47 68 6
47 69 7
47 70 1
47 71 7
47 72 6
47 73 9
47 74 2
47 75 3
47 76 2
47 77 1
47 78 8
47 79 4
47 80 4
47 81 8
47 82 3
47 83 6
47 84 8
47 85 5
47 86 6
47 87 3
47 88 0
47 89 3
47 90 4
47 91 1
47 92 9
47 93 3
47 94 1
47 95 0
47 96 8
47 97 3
47 98 0
47 99 5
48 49 2
48 50 8
48 51 8
48 52 2
48 53 2
48 54 3
48 55 4
48 56 6
48 57 2
48 58 4
48 59 8
48 60 4
48 61 4
48 62 4
48 63 8
48 64 6
48 65 6
48 66 2
48 67 6
48 68 7
48 69 8
48 70 5
48 71 0
48 72 6
48 73 2
48 74 8
48 75 7
48 76 6
48 77 6
48 78 1
48 79 0
48 80 5
48 81 8
48 82 1
48 83 0
48 84 0
48 85 4
48 86 9
48 87 1
48 88 6
48 89 0
48 90 5
48 91 2
48 92 6
48 93 5
48 94 9
48 95 5
48 96 8
48 97 3
48 98 0
48 99 9
49 50 5
49 51 5
49 52 7
49 53 6
49 54 8
49 55 1
49 56 6
49 57 3
49 58 0
49 59 3
49 60 9
49 61 7
49 62 2
49 63 2
49 64 4
49 65 3
49 66 1
49 67 5
49 68 6
49 69 3
49 70 1
49 71 0
49 72 6
49 73 0
49 74 8
49 75 5
49 76 1
49 77 8
49 78 2
49 79 2
49 80 4
49 81 9
49 82 4
49 83 3
49 84 7
49 85 6
49 86 6
49 87 8
49 88 0
49 89 4
49 90 4
49 91 7
49 92 5
49 93 4
49 94 6
49 95 8
49 96 1
49 97 4
49 98 4
49 99 2
50 51 8
50 52 3
50 53 1
50 54 4
50 55 2
50 56 2
50 57 8
50 58 6
50 59 9
50 60 2
50 61 6
50 62 2
50 63 3
50 64 9
50 65 4
50 66 7
50 67 2
50 68 3
50 69 3
50 70 3
50 71 8
50 72 2
50 73 0
50 74 0
50 75 1
50 76 8
50 77 7
50 78 9
50 79 6
50 80 7
50 81 5
50 82 5
50 83 4
50 84 6
50 85 4
50 86 1
50 87 3
50 88 3
50 89 3
50 90 9
50 91 4
50 92 5
50 93 4
50 94 6
50 95 8
50 96 7
50 97 7
50 98 1
50 99 8
51 52 4
51 53 2
51 54 6
51 55 1
51 56 7
51 57 8
51 58 9
51 59 9
51 60 8
51 61 0
51 62 3
51 63 3
51 64 5
51 65 6
51 66 5
51 67 3
51 68 2
51 69 7
51 70 9
51 71 2
51 72 9
51 73 7
51 74 8
51 75 7
51 76 9
51 77 9
51 78 2
51 79 7
51 80 5
51 81 5
51 82 2
51 83 8
51 84 6
51 85 8
51 86 0
51 87 8
51 88 6
51 89 3
51 90 3
51 91 0
51 92 2
51 93 9
51 94 3
51 95 1
51 96 9
51 97 5
51 98 4
51 99 2
52 53 2
52 54 0
52 55 7
52 56 3
52 57 9
52 58 7
52 59 1
52 60 3
52 61 8
52 62 4
52 63 1
52 64 9
52 65 8
52 66 5
52 67 6
52 68 6
52 69 4
52 70 8
52 71 2
52 72 9
52 73 9
52 74 4
52 75 5
52 76 4
52 77 9
52 78 4
52 79 0
52 80 6
52 81 1
52 82 3
52 83 1
52 84 5
52 85 9
52 86 1
52 87 8
52 88 6
52 89 5
52 90 4
52 91 6
52 92 8
52 93 1
52 94 5
52 95 1
52 96 6
52 97 2
52 98 0
52 99 4
53 54 3
53 55 9
53 56 9
53 57 8
53 58 6
53 59 6
53 60 6
53 61 9
53 62 6
53 63 8
53 64 5
53 65 3
53 66 3
53 67 0
53 68 5
53 69 6
53 70 0
53 71 7
53 72 1
53 73 7
53 74 0
53 75 9
53 76 7
53 77 4
53 78 0
53 79 4
53 80 1
53 81 3
53 82 6
53 83 2
53 84 0
53 85 8
53 86 6
53 87 5
53 88 9
53 89 2
53 90 0
53 91 2
53 92 6
53 93 0
53 94 3
53 95 2
53 96 7
53 97 4
53 98 7
53 99 3
54 55 4
54 56 1
54 57 8
54 58 7
54 59 2
54 60 1
54 61 3
54 62 1
54 63 8
54 64 2
54 65 1
54 66 5
54 67 9
54 68 0
54 69 6
54 70 5
54 71 2
54 72 2
54 73 7
54 74 8
54 75 8
54 76 9
54 77 2
54 78 4
54 79 0
54 80 6
54 81 4
54 82 6
54 83 9
54 84 7
54 85 0
54 86 6
54 87 2
54 88 3
54 89 0
54 90 2
54 91 9
54 92 6
54 93 5
54 94 3
54 95 5
54 96 0
54 97 1
54 98 2
54 99 2
55 56 9
55 57 5
55 58 2
55 59 0
55 60 8
55 61 6
55 62 7
55 63 0
55 64 5
55 65 1
55 66 8
55 67 2
55 68 4
55 69 1
55 70 1
55 71 9
55 72 3
55 73 2
55 74 7
55 75 2
55 76 4
55 77 4
55 78 8
55 79 3
55 80 3
55 81 0
55 82 1
55 83 7
55 84 4
55 85 9
55 86 9
55 87 5
55 88 2
55 89 5
55 90 7
55 91 2
55 92 2
55 93 6
55 94 2
55 95 7
55 96 9
55 97 9
55 98 3
55 99 9
56 57 0
56 58 9
56 59 8
56 60 2
56 61 1
56 62 7
56 63 9
56 64 9
56 65 6
56 66 2
56 67 1
56 68 9
56 69 1
56 70 8
56 71 4
56 72 5
56 73 4
56 74 4
56 75 6
56 76 1
56 77 8
56 78 9
56 79 0
56 80 1
56 81 6
56 82 4
56 83 7
56 84 4
56 85 1
56 86 3
56 87 4
56 88 4
56 89 6
56 90 7
56 91 6
56 92 2
56 93 6
56 94 2
56 95 3
56 96 8
56 97 9
56 98 8
56 99 0
57 58 5
57 59 7
57 60 2
57 61 3
57 62 8
57 63 0
57 64 2
57 65 7
57 66 0
57 67 2
57 68 0
57 69 5
57 70 2
57 71 4
57 72 3
57 73 9
57 74 3
57 75 5
57 76 6
57 77 9
57 78 9
57 79 7
57 80 8
57 81 8
57 82 9
57 83 7
57 84 8
57 85 4
57 86 5
57 87 9
57 88 1
57 89 0
57 90 8
57 91 2
57 92 1
57 93 2
57 94 7
57 95 9
57 96 3
57 97 0
57 98 4
57 99 1
58 59 7
58 60 2
58 61 6
58 62 1
58 63 0
58 64 2
58 65 4
58 66 6
58 67 2
58 68 9
58 69 1
58 70 8
58 71 5
58 72 3
58 73 9
58 74 2
58 75 4
58 76 6
58 77 3
58 78 5
58 79 3
58 80 0
58 81 1
58 82 5
58 83 8
58 84 2
58 85 4
58 86 1
58 87 6
58 88 5
58 89 3
58 90 8
58 91 3
58 92 4
58 93 1
58 94 3
58 95 4
58 96 2
58 97 9
58 98 1
58 99 8
59 60 9
59 61 4
59 62 2
59 63 9
59 64 6
59 65 0
59 66 8
59 67 9
59 68 7
59 69 4
59 70 0
59 71 4
59 72 2
59 73 5
59 74 6
59 75 2
59 76 0
59 77 6
59 78 5
59 79 1
59 80 7
59 81 0
59 82 0
59 83 0
59 84 3
59 85 5
59 86 6
59 87 9
59 88 2
59 89 2
59 90 0
59 91 2
59 92 1
59 93 9
59 94 5
59 95 7
59 96 2
59 97 6
59 98 4
59 99 2
60 61 2
60 62 5
60 63 0
60 64 2
60 65 5
60 66 5
60 67 3
60 68 9
60 69 0
60 70 9
60 71 9
60 72 7
60 73 3
60 74 2
60 75 5
60 76 2
60 77 1
60 78 1
60 79 2
60 80 8
60 81 7
60 82 2
60 83 4
60 84 1
60 85 2
60 86 9
60 87 3
60 88 0
60 89 7
60 90 8
60 91 0
60 92 0
60 93 3
60 94 9
60 95 0
60 96 5
60 97 3
60 98 5
60 99 6
61 62 0
61 63 4
61 64 7
61 65 2
61 66 6
61 67 6
61 68 3
61 69 3
61 70 9
61 71 1
61 72 4
61 73 1
61 74 8
61 75 0
61 76 2
61 77 4
61 78 6
61 79 4
61 80 0
61 81 7
61 82 7
61 83 3
61 84 4
61 85 5
61 86 3
61 87 6
61 88 7
61 89 5
61 90 2
61 91 9
61 92 0
61 93 1
61 94 6
61 95 5
61 96 8
61 97 8
61 98 2
61 99 4
62 63 4
62 64 4
62 65 3
62 66 5
62 67 4
62 68 3
62 69 4
62 70 6
62 71 2
62 72 5
62 73 6
62 74 3
62 75 3
62 76 3
62 77 6
62 78 2
62 79 8
62 80 2
62 81 4
62 82 3
62 83 3
62 84 9
62 85 1
62 86 5
62 87 7
62 88 2
62 89 6
62 90 7
62 91 6
62 92 4
62 93 5
62 94 7
62 95 4
62 96 1
62 97 0
62 98 4
62 99 6
63 64 1
63 65 2
63 66 4
63 67 5
63 68 0
63 69 5
63 70 8
63 71 2
63 72 0
63 73 5
63 74 2
63 75 3
63 76 5
63 77 9
63 78 5
63 79 4
63 80 6
63 81 1
63 82 2
63 83 3
63 84 6
63 85 1
63 86 6
63 87 7
63 88 9
63 89 6
63 90 1
63 91 6
63 92 5
63 93 6
63 94 2
63 95 6
63 96 9
63 97 3
63 98 6
63 99 0
64 65 2
64 66 3
64 67 0
64 68 1
64 69 6
64 70 6
64 71 5
64 72 6
64 73 5
64 74 8
64 75 5
64 76 2
64 77 0
64 78 0
64 79 5
64 80 3
64 81 4
64 82 4
64 83 6
64 84 4
64 85 3
64 86 8
64 87 7
64 88 1
64 89 5
64 90 8
64 91 6
64 92 2
64 93 0
64 94 6
64 95 0
64 96 9
64 97 0
64 98 7
64 99 0
65 66 8
65 67 3
65 68 4
65 69 3
65 70 9
65 71 6
65 72 0
65 73 0
65 74 0
65 75 6
65 76 0
65 77 9
65 78 7
65 79 4
65 80 4
65 81 0
65 82 3
65 83 1
65 84 5
65 85 3
65 86 7
65 87 3
65 88 5
65 89 3
65 90 0
65 91 1
65 92 3
65 93 0
65 94 2
65 95 5
65 96 8
65 97 0
65 98 6
65 99 3
66 67 6
66 68 3
66 69 6
66 70 6
66 71 8
66 72 4
66 73 5
66 74 7
66 75 6
66 76 0
66 77 4
66 78 6
66 79 1
66 80 6
66 81 1
66 82 0
66 83 5
66 84 8
66 85 5
66 86 3
66 87 6
66 88 7
66 89 5
66 90 2
66 91 9
66 92 3
66 93 2
66 94 3
66 95 0
66 96 7
66 97 1
66 98 1
66 99 4
67 68 3
67 69 0
67 70 7
67 71 5
67 72 3
67 73 9
67 74 8
67 75 2
67 76 4
67 77 0
67 78 4
67 79 1
67 80 1
67 81 2
67 82 0
67 83 6
67 84 4
67 85 1
67 86 1
67 87 0
67 88 4
67 89 1
67 90 8
67 91 2
67 92 1
67 93 9
67 94 1
67 95 2
67 96 7
67 97 5
67 98 2
67 99 6
68 69 0
68 70 7
68 71 3
68 72 0
68 73 9
68 74 9
68 75 9
68 76 6
68 77 1
68 78 6
68 79 8
68 80 3
68 81 8
68 82 0
68 83 4
68 84 7
68 85 0
68 86 7
68 87 6
68 88 8
68 89 3
68 90 6
68 91 7
68 92 4
68 93 8
68 94 2
68 95 7
68 96 8
68 97 9
68 98 1
68 99 6
69 70 3
69 71 2
69 72 3
69 73 7
69 74 3
69 75 3
69 76 9
69 77 6
69 78 7
69 79 4
69 80 0
69 81 2
69 82 2
69 83 4
69 84 8
69 85 2
69 86 8
69 87 5
69 88 7
69 89 5
69 90 9
69 91 1
69 92 3
69 93 2
69 94 0
69 95 0
69 96 5
69 97 1
69 98 5
69 99 9
70 71 9
70 72 4
70 73 8
70 74 3
70 75 6
70 76 5
70 77 7
70 78 4
70 79 8
70 80 5
70 81 4
70 82 3
70 83 0
70 84 9
70 85 5
70 86 2
70 87 5
70 88 1
70 89 3
70 90 6
70 91 2
70 92 1
70 93 4
70 94 8
70 95 0
70 96 0
70 97 0
70 98 3
70 99 0
71 72 4
71 73 9
71 74 9
71 75 8
71 76 9
71 77 0
71 78 6
71 79 3
71 80 6
71 81 0
71 82 1
71 83 1
71 84 4
71 85 1
71 86 2
71 87 1
71 88 0
71 89 2
71 90 1
71 91 2
71 92 9
71 93 9
71 94 3
71 95 7
71 96 4
71 97 6
71 98 7
71 99 2
72 73 3
72 74 9
72 75 9
72 76 0
72 77 3
72 78 7
72 79 4
72 80 7
72 81 7
72 82 1
72 83 6
72 84 0
72 85 7
72 86 9
72 87 3
72 88 3
72 89 9
72 90 9
72 91 8
72 92 9
72 93 7
72 94 7
72 95 2
72 96 9
72 97 2
72 98 9
72 99 2
73 74 4
73 75 4
73 76 7
73 77 7
73 78 6
73 79 1
73 80 1
73 81 0
73 82 5
73 83 5
73 84 9
73 85 1
73 86 2
73 87 3
73 88 0
73 89 6
73 90 4
73 91 9
73 92 4
73 93 6
73 94 1
73 95 0
73 96 2
73 97 6
73 98 9
73 99 3
74 75 6
74 76 3
74 77 0
74 78 5
74 79 2
74 80 4
74 81 8
74 82 1
74 83 4
74 84 5
74 85 8
74 86 2
74 87 5
74 88 2
74 89 7
74 90 1
74 91 3
74 92 8
74 93 3
74 94 7
74 95 9
74 96 0
74 97 9
74 98 2
74 99 5
75 76 7
75 77 9
75 78 8
75 79 5
75 80 5
75 81 4
75 82 5
75 83 2
75 84 6
75 85 8
75 86 1
75 87 9
75 88 4
75 89 3
75 90 4
75 91 3
75 92 6
75 93 2
75 94 0
75 95 4
75 96 4
75 97 4
75 98 3
75 99 8
76 77 4
76 78 4
76 79 2
76 80 1
76 81 2
76 82 7
76 83 0
76 84 6
76 85 3
76 86 7
76 87 3
76 88 6
76 89 3
76 90 7
76 91 4
76 92 8
76 93 5
76 94 2
76 95 7
76 96 3
76 97 4
76 98 4
76 99 6
77 78 5
77 79 5
77 80 7
77 81 6
77 82 1
77 83 1
77 84 1
77 85 5
77 86 9
77 87 7
77 88 0
77 89 2
77 90 2
77 91 5
77 92 2
77 93 0
77 94 5
77 95 3
77 96 7
77 97 6
77 98 6
77 99 8
78 79 1
78 80 1
78 81 2
78 82 0
78 83 8
78 84 7
78 85 3
78 86 7
78 87 2
78 88 7
78 89 8
78 90 8
78 91 6
78 92 5
78 93 8
78 94 3
78 95 5
78 96 4
78 97 0
78 98 3
78 99 5
79 80 6
79 81 0
79 82 9
79 83 0
79 84 6
79 85 8
79 86 9
79 87 6
79 88 4
79 89 5
79 90 2
79 91 8
79 92 5
79 93 2
79 94 2
79 95 5
79 96 1
79 97 7
79 98 4
79 99 7
80 81 5
80 82 7
80 83 6
80 84 8
80 85 1
80 86 7
80 87 7
80 88 2
80 89 6
80 90 9
80 91 4
80 92 7
80 93 6
80 94 3
80 95 4
80 96 8
80 97 0
80 98 2
80 99 2
81 82 5
81 83 2
81 84 3
81 85 0
81 86 0
81 87 7
81 88 2
81 89 2
81 90 9
81 91 0
81 92 0
81 93 2
81 94 9
81 95 5
81 96 1
81 97 9
81 98 6
81 99 5
82 83 8
82 84 4
82 85 8
82 86 9
82 87 7
82 88 3
82 89 9
82 90 8
82 91 0
82 92 9
82 93 4
82 94 5
82 95 6
82 96 0
82 97 4
82 98 9
82 99 1
83 84 3
83 85 0
83 86 8
83 87 8
83 88 8
83 89 4
83 90 5
83 91 3
83 92 6
83 93 7
83 94 8
83 95 7
83 96 4
83 97 2
83 98 3
83 99 6
84 85 8
84 86 8
84 87 5
84 88 2
84 89 4
84 90 2
84 91 4
84 92 9
84 93 4
84 94 5
84 95 9
84 96 1
84 97 6
84 98 5
84 99 8
85 86 8
85 87 9
85 88 8
85 89 1
85 90 0
85 91 9
85 92 5
85 93 9
85 94 0
85 95 1
85 96 3
85 97 6
85 98 3
85 99 3
86 87 5
86 88 2
86 89 1
86 90 2
86 91 5
86 92 8
86 93 4
86 94 3
86 95 4
86 96 5
86 97 3
86 98 8
86 99 7
87 88 6
87 89 2
87 90 9
87 91 0
87 92 1
87 93 3
87 94 9
87 95 2
87 96 9
87 97 5
87 98 4
87 99 0
88 89 1
88 90 9
88 91 3
88 92 9
88 93 3
88 94 7
88 95 0
88 96 6
88 97 8
88 98 7
88 99 7
89 90 2
89 91 9
89 92 4
89 93 7
89 94 6
89 95 0
89 96 9
89 97 4
89 98 9
89 99 6
90 91 4
90 92 4
90 93 4
90 94 5
90 95 2
90 96 3
90 97 4
90 98 8
90 99 3
91 92 9
91 93 6
91 94 6
91 95 0
91 96 3
91 97 1
91 98 3
91 99 5
92 93 9
92 94 2
92 95 6
92 96 8
92 97 4
92 98 3
92 99 0
93 94 4
93 95 8
93 96 4
93 97 4
93 98 4
93 99 1
94 95 9
94 96 2
94 97 5
94 98 1
94 99 5
95 96 9
95 97 4
95 98 2
95 99 2
96 97 4
96 98 0
96 99 5
97 98 3
97 99 1
98 99 9
