all result:
v in set: 7 12 21 24 60 66 71 78 86 102 105 110 126 129 137 138 144 148 164 173 176 196 200 221 225 241 244 268 281 283 286 293 309 318 344 361 366 369 378 394 
time used: 122630ms
cost: 10

v in set: 1 7 10 11 25 36 37 49 67 72 114 120 124 145 153 167 174 184 191 215 220 241 248 265 276 300 302 313 317 320 323 324 328 329 344 345 348 368 387 390 
time used: 30880ms
cost: 10

v in set: 3 20 41 42 46 50 51 55 59 125 139 144 147 155 176 181 187 190 216 217 222 230 234 240 248 251 265 271 294 305 309 320 324 329 333 349 357 369 385 393 
time used: 21640ms
cost: 10

v in set: 6 13 16 18 21 22 42 55 59 76 83 88 89 97 101 108 156 199 201 208 224 225 235 238 258 270 296 299 300 307 322 327 328 331 352 359 361 377 389 390 
time used: 17220ms
cost: 10

v in set: 0 45 54 59 60 61 62 71 78 90 99 115 126 140 158 162 168 170 175 182 186 208 232 233 235 244 260 263 282 287 293 294 302 307 351 357 363 367 376 379 
time used: 100700ms
cost: 10

v in set: 3 10 15 19 31 44 63 67 85 92 106 117 144 147 148 152 157 169 175 186 197 218 221 224 237 241 256 266 281 322 325 336 351 358 360 366 367 386 388 391 
time used: 117800ms
cost: 10

v in set: 6 17 23 33 39 53 60 66 80 83 85 93 96 100 102 104 113 124 126 139 145 162 171 181 198 215 238 245 262 276 277 283 335 344 347 351 373 375 395 398 
time used: 20880ms
cost: 10

v in set: 15 40 62 66 78 87 91 107 111 114 119 123 151 161 163 164 187 189 192 202 203 213 220 232 240 252 254 260 266 270 291 318 339 345 367 373 377 380 383 397 
time used: 225290ms
cost: 10

v in set: 25 29 44 68 75 76 77 106 144 156 160 167 170 181 188 199 202 210 237 238 240 264 282 289 292 295 298 302 303 322 337 338 352 364 366 376 380 381 383 391 
time used: 273880ms
cost: 9

v in set: 9 10 11 33 37 38 39 51 53 64 68 93 97 109 110 124 125 127 134 183 209 220 222 232 237 245 250 259 277 283 301 302 303 311 326 335 356 380 385 396 
time used: 173510ms
cost: 9

best result:
v in set: 25 29 44 68 75 76 77 106 144 156 160 167 170 181 188 199 202 210 237 238 240 264 282 289 292 295 298 302 303 322 337 338 352 364 366 376 380 381 383 391 
time used: 273880ms
cost: 9

average: 
average time: 110443ms
average cost: 9.8
