all result:
v in set: 14 18 19 22 46 56 61 68 80 82 100 143 147 148 150 155 161 169 183 188 191 192 195 217 228 242 257 263 267 290 
time used: 104950ms
cost: 7

v in set: 2 7 8 21 49 54 56 66 68 82 83 95 110 135 145 148 184 187 189 190 191 201 213 225 242 257 264 271 272 277 
time used: 26010ms
cost: 8

v in set: 1 2 17 23 28 44 45 46 69 90 95 107 118 134 149 154 156 169 184 194 201 205 206 227 237 266 267 271 283 284 
time used: 70990ms
cost: 7

v in set: 12 15 18 27 28 38 41 60 81 87 89 94 112 115 119 142 148 156 184 209 234 236 237 248 251 256 265 267 279 285 
time used: 78810ms
cost: 7

v in set: 7 25 27 33 44 59 66 77 81 84 99 104 121 129 132 155 170 182 189 207 215 220 221 226 256 266 267 290 291 297 
time used: 147500ms
cost: 7

v in set: 13 14 16 22 28 43 46 48 51 64 68 95 108 119 127 140 143 147 153 156 157 165 186 190 195 199 201 211 239 290 
time used: 15200ms
cost: 8

v in set: 20 38 42 48 85 86 94 122 124 135 138 148 150 160 183 192 193 196 205 216 220 223 234 241 245 252 257 268 277 280 
time used: 9880ms
cost: 7

v in set: 5 11 21 28 39 43 55 61 64 72 75 79 88 94 95 112 121 135 159 163 169 193 194 199 220 243 251 254 288 296 
time used: 4320ms
cost: 8

v in set: 2 19 38 39 48 51 73 78 95 115 123 134 138 144 156 157 163 171 191 194 203 205 234 239 249 276 284 289 292 297 
time used: 8040ms
cost: 8

v in set: 2 7 16 18 24 25 30 36 47 55 68 81 84 124 138 142 143 147 152 155 177 191 193 214 217 249 250 256 266 284 
time used: 560ms
cost: 7

best result:
v in set: 14 18 19 22 46 56 61 68 80 82 100 143 147 148 150 155 161 169 183 188 191 192 195 217 228 242 257 263 267 290 
time used: 104950ms
cost: 7

average: 
average time: 46626ms
average cost: 7.4
