all result:
v in set: 2 6 7 10 12 14 18 19 21 25 29 33 45 46 60 62 63 64 68 69 77 81 82 88 92 94 101 104 107 115 116 123 126 127 128 131 132 135 136 138 146 147 153 156 161 163 169 177 178 181 185 190 191 193 205 210 217 221 222 226 227 228 229 240 250 253 256 262 263 265 266 268 273 277 278 279 280 282 283 285 288 292 296 298 306 313 316 317 322 323 328 329 332 333 334 336 338 339 340 344 345 346 347 348 349 350 351 355 360 366 367 369 372 379 383 385 387 389 395 398 
time used: 11950ms
cost: 41

v in set: 5 7 9 13 14 20 22 25 26 28 29 35 41 46 49 52 53 55 56 57 59 61 64 73 77 80 81 87 90 95 102 103 112 114 118 120 122 123 125 127 128 130 132 137 139 140 143 151 154 156 157 164 170 172 174 180 181 185 188 197 198 205 206 209 210 211 212 220 223 226 228 230 237 238 241 245 250 251 252 257 261 268 270 271 273 274 280 282 287 290 292 293 297 300 305 308 312 315 325 327 335 336 338 344 349 353 366 371 374 375 376 378 379 385 390 391 393 394 395 397 
time used: 30200ms
cost: 41

v in set: 1 2 4 5 8 14 15 19 26 28 35 44 45 46 47 48 50 51 53 56 57 60 61 63 67 68 69 72 76 88 91 92 95 99 106 107 114 120 121 123 127 128 129 131 133 135 139 141 143 144 145 147 161 163 169 180 182 184 186 187 188 190 195 199 200 203 204 207 209 228 230 233 238 242 243 246 247 249 254 256 257 263 265 267 268 273 274 275 276 285 288 289 293 299 321 326 327 330 331 332 333 336 337 338 339 340 348 350 356 357 360 361 363 371 374 375 378 389 390 398 
time used: 12320ms
cost: 40

v in set: 1 3 7 20 21 23 24 27 28 31 32 34 35 37 47 50 51 52 57 67 68 72 73 76 77 78 82 88 89 90 92 95 96 110 121 124 127 144 145 148 154 157 158 159 162 164 170 174 176 177 179 181 183 187 190 194 204 207 208 212 214 215 219 220 223 228 229 230 232 237 238 240 242 244 246 253 254 256 263 264 265 269 273 274 276 280 289 290 293 294 295 300 302 304 307 308 320 321 326 327 328 329 330 331 334 336 342 345 346 365 368 370 372 378 379 380 382 396 397 398 
time used: 174440ms
cost: 41

v in set: 1 8 9 12 13 16 20 28 30 31 34 35 37 40 45 58 59 60 64 67 69 73 77 80 83 90 91 95 96 98 100 105 108 109 112 113 116 127 130 132 139 140 143 146 153 156 166 168 169 172 178 179 181 182 190 192 200 208 212 216 217 218 222 226 233 236 238 240 245 247 250 253 254 258 259 263 272 273 274 277 284 292 298 300 301 308 310 315 316 317 323 325 326 330 331 332 333 334 335 345 346 349 350 352 354 355 361 364 369 370 378 379 381 382 385 393 394 397 398 399 
time used: 311040ms
cost: 40

v in set: 4 5 8 11 13 17 21 22 28 33 36 37 40 45 52 54 57 61 67 72 77 79 81 82 85 86 87 89 92 94 95 96 98 100 101 102 111 113 122 124 128 129 139 141 142 148 150 151 153 154 157 159 161 162 164 181 182 185 186 190 191 193 199 200 202 208 210 215 219 222 228 237 240 241 247 252 254 256 261 263 264 267 271 273 288 290 295 296 302 303 310 314 317 321 322 325 329 332 333 335 339 342 344 346 355 360 363 364 365 371 374 377 380 383 384 385 393 395 396 398 
time used: 350380ms
cost: 39

v in set: 7 14 17 19 20 21 23 26 31 32 33 34 36 37 41 42 44 51 53 54 56 61 63 64 70 75 79 81 85 89 92 93 101 102 104 106 113 117 118 124 125 130 133 137 140 141 150 152 157 159 160 165 166 168 169 181 184 186 189 191 193 194 196 202 204 207 209 211 217 219 228 230 236 237 240 242 243 254 255 265 267 269 272 273 274 278 283 284 288 289 290 292 295 297 301 302 307 315 318 326 327 335 336 338 346 351 352 355 356 361 367 369 371 373 375 385 388 389 396 398 
time used: 41280ms
cost: 41

v in set: 1 2 6 7 13 14 17 20 22 27 36 37 39 40 48 53 57 59 60 64 66 69 79 82 83 88 90 91 92 95 97 98 101 105 107 111 113 121 123 127 130 132 135 137 143 148 158 161 169 170 171 172 174 179 183 185 186 190 195 203 206 208 225 229 233 238 241 243 244 249 251 261 268 272 274 277 278 284 289 292 295 296 298 302 303 307 309 311 313 314 315 316 323 326 329 331 333 338 344 347 349 352 356 359 369 372 374 379 381 383 384 387 388 389 392 395 396 397 398 399 
time used: 222230ms
cost: 41

v in set: 1 2 4 12 13 14 16 19 20 28 30 34 46 47 48 49 50 61 62 63 66 67 73 74 89 92 98 101 103 104 108 111 112 115 117 121 123 126 127 128 130 131 138 141 144 154 157 158 166 173 182 184 185 186 188 190 191 193 195 197 201 210 213 214 225 231 232 237 241 244 252 258 263 266 269 273 276 279 280 283 284 285 286 290 294 295 296 298 302 304 305 307 309 311 318 326 327 332 338 340 341 342 343 345 347 349 356 357 362 367 371 373 375 377 382 389 390 394 395 396 
time used: 28870ms
cost: 40

v in set: 1 13 14 18 20 22 23 26 29 32 33 34 39 42 47 48 50 51 52 53 54 64 66 72 73 80 82 85 90 92 94 102 103 107 117 118 121 126 130 131 135 136 142 149 152 157 158 167 169 177 178 185 195 199 201 204 205 215 216 218 225 229 230 237 242 244 250 251 252 253 256 259 260 261 262 266 273 274 275 278 280 283 284 285 288 293 301 305 308 309 313 315 316 319 322 324 326 327 331 332 333 335 339 341 342 344 345 349 355 365 366 369 382 384 387 389 390 395 397 399 
time used: 11200ms
cost: 40

best result:
v in set: 4 5 8 11 13 17 21 22 28 33 36 37 40 45 52 54 57 61 67 72 77 79 81 82 85 86 87 89 92 94 95 96 98 100 101 102 111 113 122 124 128 129 139 141 142 148 150 151 153 154 157 159 161 162 164 181 182 185 186 190 191 193 199 200 202 208 210 215 219 222 228 237 240 241 247 252 254 256 261 263 264 267 271 273 288 290 295 296 302 303 310 314 317 321 322 325 329 332 333 335 339 342 344 346 355 360 363 364 365 371 374 377 380 383 384 385 393 395 396 398 
time used: 350380ms
cost: 39

average: 
average time: 119391ms
average cost: 40.4
