all result:
v in set: 0 2 4 8 11 12 14 26 27 29 35 36 40 45 46 52 54 56 57 60 62 63 64 65 67 69 73 74 77 78 81 83 85 87 92 93 94 98 101 102 107 109 115 116 117 118 120 122 127 128 129 131 132 138 144 148 149 151 153 155 158 159 160 162 165 168 171 172 175 176 177 181 183 184 186 190 192 195 196 197 
time used: 55890ms
cost: 29

v in set: 1 2 3 6 7 11 12 13 15 17 21 26 33 41 42 44 45 46 50 52 53 54 56 58 59 60 63 65 66 67 71 72 74 75 76 77 78 79 81 84 87 91 92 98 101 108 111 112 113 115 118 122 124 125 128 130 136 138 139 144 145 153 155 156 159 162 165 168 172 177 180 181 185 187 189 190 191 193 195 197 
time used: 5400ms
cost: 27

v in set: 2 3 6 11 12 14 16 18 21 22 23 24 25 26 27 30 35 36 37 40 44 45 49 50 52 54 58 61 62 63 64 70 71 73 74 75 80 81 82 85 87 91 93 98 101 102 107 108 117 119 120 128 129 130 139 140 142 143 144 145 147 156 157 158 159 162 164 166 170 171 174 175 176 178 181 183 184 191 195 197 
time used: 177260ms
cost: 29

v in set: 0 1 3 4 8 9 16 17 18 21 25 31 33 35 38 40 41 43 44 45 47 49 54 59 60 63 67 71 73 77 78 84 85 86 93 94 95 97 100 107 108 111 112 113 114 115 116 117 120 121 122 127 128 131 136 138 139 140 141 142 144 145 149 155 156 158 161 163 164 166 178 181 182 191 192 193 194 195 196 197 
time used: 149900ms
cost: 27

v in set: 0 3 4 7 11 15 19 21 22 24 26 29 36 41 44 45 47 50 55 59 62 64 68 69 72 74 76 79 80 82 86 87 90 91 92 95 96 97 101 103 105 106 108 110 114 117 118 120 121 124 128 129 132 133 135 137 138 139 140 145 146 147 152 153 157 158 161 164 166 167 170 175 176 178 183 184 191 194 196 198 
time used: 45120ms
cost: 28

v in set: 11 12 19 20 22 23 24 27 31 35 39 40 41 44 45 50 53 55 56 66 67 69 70 71 72 73 77 78 81 82 83 85 87 90 93 94 95 96 97 102 103 108 112 113 114 115 116 117 118 121 122 125 126 128 134 144 145 146 148 150 151 155 160 161 162 163 168 170 171 172 175 178 181 183 187 188 191 194 197 198 
time used: 42030ms
cost: 29

v in set: 3 7 11 13 18 20 22 26 27 28 30 33 35 36 37 40 42 44 45 47 49 52 53 54 55 56 57 61 65 66 67 68 70 72 77 78 79 83 85 90 91 92 98 101 105 108 109 111 113 115 116 117 125 127 128 129 136 139 141 146 147 149 151 153 157 158 159 162 163 165 171 175 177 178 183 184 187 193 194 197 
time used: 180700ms
cost: 29

v in set: 2 7 8 9 13 17 18 23 25 26 28 29 31 37 39 41 46 47 49 52 56 60 63 64 65 68 69 71 72 76 79 82 83 85 87 91 92 94 96 100 101 105 110 115 118 119 122 124 128 130 131 133 135 136 137 138 139 140 144 147 148 149 152 158 159 162 163 164 166 167 168 170 178 179 183 184 185 190 195 198 
time used: 2370ms
cost: 29

v in set: 0 1 11 12 15 16 17 20 24 25 26 28 38 40 44 46 57 60 61 62 64 65 66 67 68 69 72 73 74 75 76 77 78 79 84 86 87 91 92 94 96 97 98 102 105 107 108 109 112 113 115 117 119 121 122 139 143 145 151 152 153 155 158 160 164 166 168 169 172 174 175 176 178 186 189 191 194 195 196 197 
time used: 147110ms
cost: 29

v in set: 0 2 4 5 6 7 9 12 13 14 16 18 31 32 38 40 41 42 43 44 45 46 47 49 51 52 55 58 60 65 72 73 75 77 79 81 85 86 91 92 94 98 100 101 107 108 111 112 115 116 120 122 125 128 131 133 135 138 139 141 146 147 153 155 160 161 165 166 167 170 171 172 174 175 177 179 185 194 195 197 
time used: 70140ms
cost: 29

best result:
v in set: 1 2 3 6 7 11 12 13 15 17 21 26 33 41 42 44 45 46 50 52 53 54 56 58 59 60 63 65 66 67 71 72 74 75 76 77 78 79 81 84 87 91 92 98 101 108 111 112 113 115 118 122 124 125 128 130 136 138 139 144 145 153 155 156 159 162 165 168 172 177 180 181 185 187 189 190 191 193 195 197 
time used: 5400ms
cost: 27

average: 
average time: 87592ms
average cost: 28.5
