all result:
v in set: 1 2 3 6 10 12 15 16 19 20 24 28 35 43 45 47 51 53 61 62 67 74 77 81 84 85 86 88 90 94 97 99 106 109 112 114 115 119 125 127 128 129 133 135 141 143 144 145 151 158 161 165 169 170 171 172 174 178 184 202 208 216 218 224 225 230 236 239 241 247 248 249 256 261 271 273 275 277 278 282 283 284 286 291 294 296 300 301 306 309 310 316 318 319 323 330 333 334 341 343 344 347 349 350 352 354 356 357 359 369 372 373 377 378 379 381 383 384 391 392 393 396 399 402 403 406 407 414 416 418 421 422 424 425 435 436 443 452 453 455 456 459 460 462 468 474 480 486 487 496 
time used: 276640ms
cost: 51

v in set: 1 2 6 11 14 18 21 23 24 25 26 33 36 39 40 42 51 56 62 66 71 72 82 85 86 87 102 105 106 107 108 110 115 117 120 123 124 126 127 129 133 143 144 148 149 151 159 160 162 164 169 171 177 181 189 194 197 204 210 211 212 214 215 227 229 233 235 239 248 249 255 259 260 266 267 273 275 276 277 279 293 296 299 301 304 305 306 310 311 312 313 317 321 327 328 333 335 338 339 341 345 347 351 352 353 356 361 362 367 371 372 376 378 383 387 390 392 394 395 399 400 402 405 406 407 414 415 416 418 420 424 425 426 429 431 433 434 439 440 443 449 454 455 459 462 464 466 472 474 489 
time used: 396220ms
cost: 52

v in set: 2 5 10 17 24 25 26 28 33 34 36 38 42 43 46 47 49 51 53 54 59 63 64 69 70 78 82 85 88 89 90 92 93 99 110 111 112 116 118 129 132 133 134 142 145 149 151 153 154 156 161 163 168 169 172 175 177 180 181 185 191 197 200 210 212 213 216 220 222 226 230 233 234 236 249 259 261 264 265 274 276 277 278 279 281 282 284 296 301 306 307 308 312 319 320 322 326 334 338 341 342 343 344 348 349 354 358 372 374 379 383 386 387 390 397 399 400 401 406 409 411 415 418 419 420 435 437 438 439 443 448 449 450 452 453 454 458 459 461 462 473 477 479 483 485 489 491 493 497 498 
time used: 266380ms
cost: 51

v in set: 3 7 8 10 12 14 18 20 23 27 28 29 30 34 37 42 43 49 50 59 61 62 64 66 71 74 75 77 79 81 82 83 92 94 97 101 107 108 112 115 116 120 126 129 130 131 132 133 137 138 140 141 150 157 160 161 168 169 170 171 180 181 182 186 188 190 194 195 203 204 205 207 213 217 218 219 224 231 232 237 241 242 245 252 256 258 261 273 274 278 282 284 290 294 297 298 305 307 308 310 311 312 321 323 324 326 332 333 338 340 344 345 354 357 364 366 370 371 372 377 379 382 385 386 394 395 398 399 403 408 412 416 418 425 427 429 431 434 438 449 453 463 464 470 472 473 476 483 489 497 
time used: 71060ms
cost: 54

v in set: 2 7 8 15 20 23 25 26 28 34 35 36 37 39 44 51 54 56 58 62 70 72 75 79 81 87 90 92 93 100 102 104 109 116 122 124 125 126 137 141 143 144 145 146 147 152 153 154 159 160 162 165 177 182 187 194 195 196 200 201 204 208 210 211 216 224 225 242 244 247 257 258 261 267 269 278 282 284 287 289 295 296 299 309 310 317 320 322 324 330 333 337 338 343 345 347 349 350 356 358 359 360 362 363 364 365 367 370 374 378 379 384 385 387 391 393 394 395 397 398 399 400 405 407 408 409 416 417 418 423 426 427 429 432 433 441 443 446 450 467 470 473 474 476 489 490 492 493 495 498 
time used: 275890ms
cost: 53

v in set: 0 2 3 7 9 10 14 17 18 23 25 26 27 30 35 39 42 43 51 57 60 64 65 66 71 81 82 86 87 89 90 92 100 101 106 109 117 119 120 127 131 135 137 141 144 146 148 151 153 159 160 165 175 181 182 189 194 201 207 208 209 213 214 219 220 221 224 228 233 241 246 249 252 258 259 261 266 267 268 270 278 281 284 287 288 293 298 300 304 308 309 310 312 313 314 315 316 317 321 329 333 335 338 348 358 359 363 368 370 371 376 379 380 385 386 388 390 394 398 406 410 413 414 415 416 432 433 436 437 443 444 446 449 453 454 457 459 463 465 469 470 474 475 480 482 483 490 491 493 499 
time used: 329120ms
cost: 54

v in set: 1 4 6 7 12 21 27 34 38 40 43 44 48 51 52 59 60 64 67 71 80 83 87 88 89 97 100 101 104 107 110 111 113 114 117 120 121 122 123 125 130 132 133 140 143 145 146 148 150 153 156 161 176 177 183 184 186 188 189 190 191 192 195 201 205 211 212 213 214 219 220 226 230 233 237 248 255 256 260 264 265 267 270 272 276 278 283 286 288 289 294 297 299 301 304 306 310 312 313 316 318 319 328 333 335 338 343 354 355 361 366 368 370 375 377 380 381 388 390 391 400 406 407 410 417 422 423 424 426 431 432 433 436 443 444 447 451 453 459 463 464 465 467 473 483 485 487 488 490 499 
time used: 499160ms
cost: 55

v in set: 0 3 4 6 9 11 16 17 19 25 29 33 34 37 38 42 47 49 50 52 57 59 60 62 68 70 71 72 73 75 80 81 84 85 92 95 100 103 104 105 106 107 109 110 111 114 116 120 124 125 142 143 145 146 149 152 155 166 172 178 179 181 185 190 199 200 201 204 207 210 216 217 218 224 226 230 231 232 235 243 244 247 249 251 252 253 255 256 259 261 263 266 267 269 273 278 280 283 285 289 304 306 307 308 312 313 314 317 327 333 339 343 350 351 358 361 374 378 380 382 388 393 396 397 399 400 405 406 408 413 418 419 422 431 433 434 438 441 442 444 446 453 459 467 471 473 474 484 486 497 
time used: 164980ms
cost: 52

v in set: 8 14 15 17 19 23 25 26 44 46 47 48 56 58 65 68 70 74 75 76 78 79 84 85 89 93 96 99 101 103 105 110 111 119 121 123 124 125 128 133 134 146 147 148 150 155 161 163 164 171 176 177 180 181 182 184 185 186 188 190 193 198 208 217 222 223 228 230 231 232 234 236 242 245 251 256 266 267 271 274 284 285 286 287 288 298 306 307 310 313 314 315 316 322 329 332 333 335 336 337 339 341 345 347 348 350 352 354 355 357 360 367 374 380 382 384 385 388 389 391 396 399 405 406 409 412 415 416 421 423 427 433 437 439 441 443 444 449 450 454 458 460 463 473 477 481 485 489 492 496 
time used: 226180ms
cost: 55

v in set: 8 10 14 17 20 22 26 34 35 38 39 41 43 46 51 53 54 56 57 62 64 70 75 78 79 84 95 99 101 102 107 112 114 121 123 125 127 128 130 135 137 143 147 150 157 161 163 165 168 171 173 174 175 179 183 184 186 191 194 195 196 199 209 211 212 213 219 220 221 222 226 227 228 233 236 237 238 243 245 249 250 258 266 274 276 282 283 287 293 296 304 305 308 309 312 314 318 319 320 322 325 326 328 332 334 335 337 340 341 343 350 355 358 361 364 375 377 382 388 390 393 403 407 410 418 423 429 430 431 433 436 442 445 454 456 460 462 463 464 470 473 474 477 479 480 484 488 490 491 499 
time used: 497110ms
cost: 53

best result:
v in set: 1 2 3 6 10 12 15 16 19 20 24 28 35 43 45 47 51 53 61 62 67 74 77 81 84 85 86 88 90 94 97 99 106 109 112 114 115 119 125 127 128 129 133 135 141 143 144 145 151 158 161 165 169 170 171 172 174 178 184 202 208 216 218 224 225 230 236 239 241 247 248 249 256 261 271 273 275 277 278 282 283 284 286 291 294 296 300 301 306 309 310 316 318 319 323 330 333 334 341 343 344 347 349 350 352 354 356 357 359 369 372 373 377 378 379 381 383 384 391 392 393 396 399 402 403 406 407 414 416 418 421 422 424 425 435 436 443 452 453 455 456 459 460 462 468 474 480 486 487 496 
time used: 276640ms
cost: 51

average: 
average time: 300274ms
average cost: 53
