all result:
v in set: 1 8 12 22 24 29 34 38 41 45 48 61 64 72 74 77 83 87 91 94 95 96 99 104 105 106 123 129 131 132 133 135 139 142 149 154 158 166 168 173 183 184 190 194 203 205 213 218 223 232 234 236 243 244 245 255 268 288 292 295 
time used: 288220ms
cost: 17

v in set: 1 2 3 9 10 12 18 19 22 33 34 52 53 55 65 70 71 77 82 91 95 97 102 112 116 117 126 142 143 146 147 149 164 166 168 170 179 180 183 191 196 200 202 203 211 214 221 223 226 232 234 242 247 266 270 271 287 289 297 299 
time used: 269590ms
cost: 17

v in set: 3 24 25 33 39 43 47 57 58 59 60 62 65 76 77 78 81 86 90 99 102 103 104 105 106 108 110 112 117 120 127 132 138 144 148 150 154 155 157 161 172 187 214 217 221 223 231 233 236 252 259 264 271 274 276 278 289 291 296 299 
time used: 103230ms
cost: 17

v in set: 3 9 10 22 23 24 27 39 49 54 55 57 58 64 67 73 74 77 81 89 96 97 102 104 105 117 119 122 124 136 141 150 154 157 158 162 167 168 183 187 190 195 210 214 217 218 222 225 229 243 253 254 259 265 266 279 280 283 290 291 
time used: 52000ms
cost: 18

v in set: 8 13 26 33 35 38 41 45 54 56 59 66 68 70 71 73 79 81 82 84 85 90 91 104 106 116 120 123 124 148 151 164 167 171 182 184 186 200 207 208 209 212 215 218 224 225 230 232 237 240 250 251 255 258 259 270 278 281 286 293 
time used: 60240ms
cost: 17

v in set: 4 12 15 18 24 25 27 28 40 41 45 46 47 56 64 65 78 79 85 92 95 106 120 122 125 130 132 139 140 142 145 152 156 161 162 163 166 167 179 183 185 190 203 214 215 224 227 232 233 236 237 254 265 266 271 279 281 290 293 295 
time used: 63810ms
cost: 18

v in set: 0 15 19 20 25 28 33 34 38 39 51 59 68 70 75 77 87 95 96 98 107 113 116 120 122 125 126 129 130 141 146 156 162 163 169 172 180 181 185 190 193 194 204 211 213 231 232 235 239 240 257 260 266 268 272 274 281 290 295 298 
time used: 44960ms
cost: 18

v in set: 5 6 15 20 24 32 36 38 43 44 48 50 53 63 66 73 76 80 85 88 93 102 107 113 114 123 128 130 137 141 157 161 164 173 177 179 184 189 190 191 192 197 201 209 212 216 219 220 221 226 248 254 261 265 267 279 283 284 290 297 
time used: 17250ms
cost: 18

v in set: 4 5 10 13 24 40 41 42 50 53 63 66 70 77 79 83 85 88 94 97 98 105 106 108 117 123 127 128 150 151 152 153 155 169 177 188 189 199 201 205 206 211 218 221 222 223 224 225 229 242 246 247 252 258 259 273 284 286 292 293 
time used: 177070ms
cost: 16

v in set: 3 5 9 16 21 25 29 30 32 35 40 44 45 46 47 54 61 67 73 80 88 90 99 100 105 113 115 120 127 147 152 158 161 165 175 177 178 184 196 199 200 218 225 228 233 234 239 240 243 246 251 252 257 266 267 274 279 281 292 298 
time used: 57510ms
cost: 17

best result:
v in set: 4 5 10 13 24 40 41 42 50 53 63 66 70 77 79 83 85 88 94 97 98 105 106 108 117 123 127 128 150 151 152 153 155 169 177 188 189 199 201 205 206 211 218 221 222 223 224 225 229 242 246 247 252 258 259 273 284 286 292 293 
time used: 177070ms
cost: 16

average: 
average time: 113388ms
average cost: 17.3
