all result:
v in set: 1 12 13 20 21 24 26 27 29 31 32 38 41 44 48 53 55 61 62 64 67 72 75 76 80 88 91 94 97 104 116 119 124 128 130 131 133 134 137 139 141 143 151 153 154 155 157 158 163 166 167 177 181 182 183 184 190 193 194 199 
time used: 35880ms
cost: 19

v in set: 1 9 15 17 18 19 24 25 26 27 30 31 32 34 37 38 46 49 50 53 57 59 60 69 70 73 75 76 78 79 81 86 87 89 90 100 102 109 122 127 133 136 141 143 145 146 147 151 160 162 166 169 171 173 175 183 184 185 189 199 
time used: 100930ms
cost: 17

v in set: 2 3 4 5 8 9 12 15 30 33 34 35 38 39 41 42 44 48 50 58 59 60 66 70 73 75 80 81 83 88 89 94 95 100 104 105 122 124 125 126 128 131 133 139 143 146 150 158 160 168 172 173 176 182 184 186 193 194 197 198 
time used: 34450ms
cost: 19

v in set: 0 1 3 5 7 12 15 16 17 22 32 33 37 38 49 52 53 56 57 58 60 61 67 78 80 82 86 92 93 99 100 103 104 105 107 113 114 119 120 121 122 126 129 130 134 138 139 140 141 147 154 162 167 175 180 182 186 188 195 198 
time used: 15240ms
cost: 20

v in set: 6 14 15 19 22 28 29 30 33 34 38 44 51 54 56 57 69 77 78 79 80 89 91 93 95 96 102 103 106 107 108 110 119 120 122 126 127 129 131 137 143 146 148 152 155 157 160 163 164 167 173 175 177 180 182 183 186 188 195 198 
time used: 18660ms
cost: 19

v in set: 2 3 4 8 11 13 16 17 18 21 24 27 31 33 36 42 45 47 53 57 58 60 65 67 73 74 75 76 77 78 81 88 90 91 94 95 97 99 101 108 109 119 122 124 128 129 143 147 149 151 156 158 163 172 174 176 181 188 193 197 
time used: 18200ms
cost: 20

v in set: 3 7 22 23 30 31 39 41 42 47 53 55 57 62 65 69 70 75 77 79 86 87 88 90 92 93 96 100 103 106 113 114 115 117 120 123 124 131 134 137 139 141 143 156 157 161 162 166 167 169 172 173 175 178 183 185 189 191 193 195 
time used: 22880ms
cost: 19

v in set: 2 5 6 7 12 21 22 32 33 34 41 48 49 54 57 60 62 67 72 73 76 77 80 81 88 93 94 102 103 105 106 107 114 116 121 123 124 126 131 132 133 135 141 145 148 153 162 163 165 167 168 172 180 183 185 188 189 190 197 198 
time used: 123040ms
cost: 19

v in set: 0 3 9 15 24 28 29 30 31 35 37 42 43 47 48 57 60 61 62 63 67 68 72 77 81 82 83 89 90 94 95 98 101 103 105 113 115 120 121 123 124 132 134 135 141 144 145 147 151 154 155 157 168 176 178 185 193 194 196 197 
time used: 69260ms
cost: 19

v in set: 0 1 4 5 6 17 19 23 26 27 29 30 40 44 49 51 54 56 57 60 62 65 69 70 78 79 80 82 88 98 100 101 103 108 117 119 121 124 125 126 131 136 140 141 145 153 154 160 162 164 167 169 170 184 185 186 188 191 195 199 
time used: 62280ms
cost: 18

best result:
v in set: 1 9 15 17 18 19 24 25 26 27 30 31 32 34 37 38 46 49 50 53 57 59 60 69 70 73 75 76 78 79 81 86 87 89 90 100 102 109 122 127 133 136 141 143 145 146 147 151 160 162 166 169 171 173 175 183 184 185 189 199 
time used: 100930ms
cost: 17

average: 
average time: 50082ms
average cost: 18.9
