100 20
0 1 9
0 2 0
0 3 7
0 4 1
0 5 7
0 6 5
0 7 6
0 8 9
0 9 2
0 10 2
0 11 8
0 12 3
0 13 3
0 14 6
0 15 1
0 16 0
0 17 4
0 18 1
0 19 2
0 20 4
0 21 6
0 22 9
0 23 1
0 24 2
0 25 8
0 26 1
0 27 1
0 28 8
0 29 5
0 30 4
0 31 8
0 32 9
0 33 1
0 34 7
0 35 4
0 36 2
0 37 1
0 38 2
0 39 3
0 40 7
0 41 1
0 42 9
0 43 5
0 44 1
0 45 3
0 46 4
0 47 7
0 48 0
0 49 1
0 50 8
0 51 2
0 52 8
0 53 7
0 54 0
0 55 9
0 56 7
0 57 4
0 58 3
0 59 7
0 60 0
0 61 0
0 62 9
0 63 7
0 64 3
0 65 7
0 66 8
0 67 0
0 68 2
0 69 0
0 70 7
0 71 5
0 72 0
0 73 7
0 74 1
0 75 1
0 76 4
0 77 2
0 78 2
0 79 6
0 80 6
0 81 4
0 82 3
0 83 5
0 84 6
0 85 8
0 86 6
0 87 9
0 88 1
0 89 9
0 90 5
0 91 7
0 92 3
0 93 8
0 94 3
0 95 2
0 96 8
0 97 3
0 98 1
0 99 4
1 2 7
1 3 0
1 4 0
1 5 3
1 6 0
1 7 1
1 8 4
1 9 2
1 10 7
1 11 8
1 12 3
1 13 1
1 14 5
1 15 7
1 16 6
1 17 5
1 18 2
1 19 2
1 20 1
1 21 5
1 22 6
1 23 0
1 24 1
1 25 2
1 26 6
1 27 6
1 28 6
1 29 6
1 30 2
1 31 9
1 32 9
1 33 8
1 34 8
1 35 9
1 36 7
1 37 8
1 38 8
1 39 0
1 40 8
1 41 1
1 42 6
1 43 8
1 44 5
1 45 3
1 46 0
1 47 6
1 48 2
1 49 9
1 50 3
1 51 1
1 52 8
1 53 4
1 54 1
1 55 1
1 56 4
1 57 6
1 58 5
1 59 7
1 60 5
1 61 1
1 62 1
1 63 6
1 64 2
1 65 6
1 66 1
1 67 8
1 68 9
1 69 2
1 70 1
1 71 7
1 72 5
1 73 3
1 74 6
1 75 0
1 76 6
1 77 7
1 78 0
1 79 8
1 80 7
1 81 9
1 82 5
1 83 7
1 84 5
1 85 8
1 86 2
1 87 8
1 88 8
1 89 0
1 90 5
1 91 9
1 92 0
1 93 2
1 94 3
1 95 5
1 96 6
1 97 4
1 98 1
1 99 7
2 3 3
2 4 0
2 5 3
2 6 0
2 7 8
2 8 1
2 9 6
2 10 0
2 11 3
2 12 9
2 13 3
2 14 6
2 15 0
2 16 9
2 17 2
2 18 4
2 19 4
2 20 3
2 21 4
2 22 9
2 23 3
2 24 5
2 25 0
2 26 8
2 27 7
2 28 4
2 29 7
2 30 6
2 31 3
2 32 5
2 33 5
2 34 0
2 35 2
2 36 8
2 37 0
2 38 8
2 39 8
2 40 2
2 41 3
2 42 5
2 43 2
2 44 5
2 45 9
2 46 9
2 47 7
2 48 9
2 49 3
2 50 2
2 51 6
2 52 7
2 53 0
2 54 2
2 55 7
2 56 2
2 57 0
2 58 2
2 59 9
2 60 7
2 61 5
2 62 4
2 63 3
2 64 9
2 65 4
2 66 4
2 67 8
2 68 2
2 69 4
2 70 1
2 71 2
2 72 1
2 73 3
2 74 2
2 75 4
2 76 7
2 77 4
2 78 2
2 79 5
2 80 5
2 81 7
2 82 9
2 83 5
2 84 0
2 85 5
2 86 1
2 87 5
2 88 2
2 89 7
2 90 6
2 91 7
2 92 3
2 93 7
2 94 2
2 95 4
2 96 2
2 97 5
2 98 8
2 99 9
3 4 5
3 5 8
3 6 3
3 7 9
3 8 2
3 9 7
3 10 8
3 11 0
3 12 3
3 13 5
3 14 7
3 15 7
3 16 1
3 17 8
3 18 0
3 19 0
3 20 9
3 21 0
3 22 2
3 23 8
3 24 5
3 25 8
3 26 1
3 27 5
3 28 1
3 29 4
3 30 2
3 31 4
3 32 0
3 33 2
3 34 3
3 35 4
3 36 5
3 37 6
3 38 4
3 39 6
3 40 8
3 41 0
3 42 3
3 43 2
3 44 5
3 45 5
3 46 3
3 47 1
3 48 6
3 49 3
3 50 7
3 51 6
3 52 9
3 53 4
3 54 6
3 55 1
3 56 6
3 57 1
3 58 6
3 59 5
3 60 1
3 61 4
3 62 0
3 63 7
3 64 9
3 65 6
3 66 7
3 67 0
3 68 4
3 69 5
3 70 5
3 71 0
3 72 7
3 73 4
3 74 1
3 75 0
3 76 8
3 77 5
3 78 8
3 79 0
3 80 2
3 81 5
3 82 3
3 83 0
3 84 8
3 85 1
3 86 1
3 87 4
3 88 9
3 89 7
3 90 7
3 91 8
3 92 0
3 93 9
3 94 8
3 95 5
3 96 2
3 97 8
3 98 4
3 99 7
4 5 2
4 6 5
4 7 5
4 8 2
4 9 0
4 10 3
4 11 6
4 12 2
4 13 7
4 14 4
4 15 1
4 16 8
4 17 2
4 18 4
4 19 9
4 20 1
4 21 8
4 22 3
4 23 3
4 24 2
4 25 0
4 26 9
4 27 5
4 28 4
4 29 2
4 30 4
4 31 3
4 32 2
4 33 0
4 34 1
4 35 8
4 36 3
4 37 9
4 38 5
4 39 5
4 40 5
4 41 0
4 42 9
4 43 8
4 44 8
4 45 0
4 46 3
4 47 7
4 48 6
4 49 5
4 50 3
4 51 7
4 52 2
4 53 9
4 54 7
4 55 7
4 56 6
4 57 8
4 58 8
4 59 0
4 60 5
4 61 8
4 62 6
4 63 5
4 64 0
4 65 2
4 66 2
4 67 5
4 68 6
4 69 6
4 70 1
4 71 1
4 72 1
4 73 2
4 74 7
4 75 4
4 76 0
4 77 9
4 78 5
4 79 0
4 80 1
4 81 1
4 82 0
4 83 2
4 84 3
4 85 9
4 86 8
4 87 8
4 88 4
4 89 3
4 90 3
4 91 1
4 92 0
4 93 6
4 94 2
4 95 8
4 96 5
4 97 6
4 98 9
4 99 2
5 6 1
5 7 6
5 8 2
5 9 6
5 10 0
5 11 3
5 12 4
5 13 4
5 14 2
5 15 1
5 16 0
5 17 4
5 18 8
5 19 4
5 20 4
5 21 1
5 22 8
5 23 8
5 24 1
5 25 1
5 26 7
5 27 2
5 28 6
5 29 6
5 30 3
5 31 1
5 32 8
5 33 9
5 34 7
5 35 2
5 36 2
5 37 1
5 38 6
5 39 5
5 40 0
5 41 4
5 42 1
5 43 7
5 44 5
5 45 1
5 46 4
5 47 5
5 48 1
5 49 1
5 50 9
5 51 7
5 52 9
5 53 7
5 54 8
5 55 0
5 56 2
5 57 4
5 58 7
5 59 0
5 60 8
5 61 6
5 62 9
5 63 8
5 64 7
5 65 7
5 66 6
5 67 0
5 68 3
5 69 5
5 70 7
5 71 9
5 72 0
5 73 6
5 74 3
5 75 0
5 76 8
5 77 0
5 78 7
5 79 0
5 80 6
5 81 7
5 82 6
5 83 5
5 84 4
5 85 7
5 86 8
5 87 2
5 88 8
5 89 5
5 90 8
5 91 8
5 92 9
5 93 7
5 94 2
5 95 2
5 96 9
5 97 9
5 98 8
5 99 0
6 7 5
6 8 1
6 9 9
6 10 7
6 11 3
6 12 4
6 13 4
6 14 5
6 15 3
6 16 3
6 17 7
6 18 6
6 19 6
6 20 0
6 21 6
6 22 8
6 23 2
6 24 1
6 25 5
6 26 9
6 27 5
6 28 8
6 29 1
6 30 2
6 31 7
6 32 8
6 33 5
6 34 4
6 35 7
6 36 7
6 37 9
6 38 7
6 39 5
6 40 4
6 41 1
6 42 3
6 43 7
6 44 9
6 45 4
6 46 1
6 47 2
6 48 1
6 49 7
6 50 8
6 51 6
6 52 9
6 53 6
6 54 9
6 55 0
6 56 4
6 57 9
6 58 0
6 59 7
6 60 5
6 61 3
6 62 0
6 63 5
6 64 7
6 65 2
6 66 0
6 67 5
6 68 5
6 69 3
6 70 1
6 71 7
6 72 8
6 73 9
6 74 8
6 75 8
6 76 4
6 77 3
6 78 7
6 79 1
6 80 3
6 81 4
6 82 5
6 83 2
6 84 1
6 85 4
6 86 2
6 87 7
6 88 8
6 89 0
6 90 9
6 91 8
6 92 6
6 93 3
6 94 6
6 95 3
6 96 6
6 97 0
6 98 1
6 99 4
7 8 6
7 9 7
7 10 7
7 11 8
7 12 9
7 13 3
7 14 5
7 15 7
7 16 6
7 17 4
7 18 6
7 19 9
7 20 3
7 21 8
7 22 9
7 23 1
7 24 8
7 25 0
7 26 8
7 27 7
7 28 8
7 29 9
7 30 6
7 31 3
7 32 5
7 33 4
7 34 1
7 35 4
7 36 3
7 37 1
7 38 0
7 39 5
7 40 0
7 41 9
7 42 1
7 43 3
7 44 9
7 45 4
7 46 0
7 47 7
7 48 3
7 49 0
7 50 2
7 51 2
7 52 6
7 53 2
7 54 5
7 55 7
7 56 7
7 57 1
7 58 8
7 59 2
7 60 6
7 61 0
7 62 3
7 63 4
7 64 1
7 65 7
7 66 4
7 67 1
7 68 4
7 69 8
7 70 7
7 71 4
7 72 4
7 73 1
7 74 6
7 75 0
7 76 7
7 77 1
7 78 0
7 79 7
7 80 0
7 81 9
7 82 1
7 83 4
7 84 9
7 85 7
7 86 3
7 87 6
7 88 2
7 89 2
7 90 1
7 91 9
7 92 6
7 93 5
7 94 5
7 95 8
7 96 2
7 97 8
7 98 9
7 99 1
8 9 0
8 10 3
8 11 9
8 12 5
8 13 2
8 14 0
8 15 6
8 16 9
8 17 7
8 18 9
8 19 5
8 20 2
8 21 9
8 22 8
8 23 1
8 24 0
8 25 6
8 26 0
8 27 3
8 28 6
8 29 4
8 30 8
8 31 5
8 32 6
8 33 3
8 34 6
8 35 9
8 36 0
8 37 4
8 38 2
8 39 9
8 40 0
8 41 8
8 42 7
8 43 2
8 44 1
8 45 3
8 46 0
8 47 3
8 48 0
8 49 9
8 50 7
8 51 2
8 52 8
8 53 7
8 54 0
8 55 9
8 56 9
8 57 6
8 58 1
8 59 6
8 60 6
8 61 8
8 62 4
8 63 6
8 64 5
8 65 5
8 66 0
8 67 4
8 68 2
8 69 0
8 70 9
8 71 6
8 72 8
8 73 5
8 74 1
8 75 4
8 76 4
8 77 9
8 78 4
8 79 5
8 80 6
8 81 9
8 82 2
8 83 4
8 84 7
8 85 3
8 86 5
8 87 8
8 88 4
8 89 9
8 90 0
8 91 9
8 92 4
8 93 0
8 94 4
8 95 5
8 96 9
8 97 7
8 98 6
8 99 3
9 10 4
9 11 4
9 12 2
9 13 8
9 14 2
9 15 8
9 16 5
9 17 3
9 18 5
9 19 2
9 20 7
9 21 4
9 22 7
9 23 1
9 24 0
9 25 6
9 26 5
9 27 1
9 28 0
9 29 1
9 30 2
9 31 0
9 32 8
9 33 4
9 34 1
9 35 6
9 36 9
9 37 0
9 38 7
9 39 6
9 40 2
9 41 9
9 42 5
9 43 2
9 44 7
9 45 2
9 46 7
9 47 0
9 48 6
9 49 5
9 50 8
9 51 5
9 52 2
9 53 8
9 54 9
9 55 7
9 56 8
9 57 7
9 58 1
9 59 0
9 60 5
9 61 9
9 62 7
9 63 9
9 64 2
9 65 4
9 66 6
9 67 6
9 68 4
9 69 9
9 70 4
9 71 2
9 72 4
9 73 4
9 74 5
9 75 8
9 76 0
9 77 6
9 78 2
9 79 5
9 80 6
9 81 6
9 82 2
9 83 0
9 84 9
9 85 9
9 86 4
9 87 4
9 88 8
9 89 6
9 90 9
9 91 8
9 92 4
9 93 0
9 94 3
9 95 6
9 96 3
9 97 3
9 98 8
9 99 5
10 11 2
10 12 0
10 13 1
10 14 6
10 15 0
10 16 4
10 17 1
10 18 1
10 19 1
10 20 9
10 21 2
10 22 8
10 23 7
10 24 5
10 25 1
10 26 3
10 27 2
10 28 8
10 29 4
10 30 9
10 31 5
10 32 2
10 33 4
10 34 1
10 35 6
10 36 5
10 37 4
10 38 9
10 39 7
10 40 3
10 41 6
10 42 1
10 43 6
10 44 8
10 45 8
10 46 5
10 47 4
10 48 7
10 49 6
10 50 9
10 51 5
10 52 2
10 53 7
10 54 9
10 55 8
10 56 7
10 57 6
10 58 2
10 59 2
10 60 2
10 61 7
10 62 9
10 63 8
10 64 7
10 65 6
10 66 9
10 67 0
10 68 6
10 69 1
10 70 7
10 71 2
10 72 2
10 73 4
10 74 6
10 75 8
10 76 9
10 77 5
10 78 0
10 79 8
10 80 6
10 81 7
10 82 0
10 83 9
10 84 2
10 85 7
10 86 0
10 87 9
10 88 6
10 89 1
10 90 7
10 91 9
10 92 9
10 93 9
10 94 3
10 95 0
10 96 0
10 97 0
10 98 3
10 99 8
11 12 5
11 13 0
11 14 2
11 15 6
11 16 4
11 17 5
11 18 2
11 19 1
11 20 7
11 21 8
11 22 6
11 23 0
11 24 3
11 25 7
11 26 6
11 27 5
11 28 2
11 29 6
11 30 1
11 31 0
11 32 4
11 33 9
11 34 9
11 35 7
11 36 0
11 37 9
11 38 3
11 39 8
11 40 5
11 41 3
11 42 0
11 43 1
11 44 9
11 45 0
11 46 3
11 47 2
11 48 3
11 49 6
11 50 2
11 51 2
11 52 3
11 53 9
11 54 9
11 55 5
11 56 6
11 57 9
11 58 1
11 59 3
11 60 0
11 61 0
11 62 1
11 63 5
11 64 4
11 65 1
11 66 2
11 67 6
11 68 5
11 69 3
11 70 7
11 71 8
11 72 1
11 73 5
11 74 2
11 75 9
11 76 7
11 77 2
11 78 7
11 79 4
11 80 5
11 81 9
11 82 2
11 83 8
11 84 6
11 85 4
11 86 5
11 87 9
11 88 5
11 89 8
11 90 1
11 91 6
11 92 6
11 93 0
11 94 1
11 95 6
11 96 1
11 97 8
11 98 6
11 99 4
12 13 1
12 14 6
12 15 9
12 16 1
12 17 5
12 18 8
12 19 3
12 20 7
12 21 2
12 22 2
12 23 9
12 24 9
12 25 7
12 26 7
12 27 6
12 28 4
12 29 0
12 30 5
12 31 1
12 32 2
12 33 3
12 34 3
12 35 5
12 36 6
12 37 8
12 38 9
12 39 3
12 40 6
12 41 3
12 42 3
12 43 2
12 44 1
12 45 7
12 46 9
12 47 7
12 48 2
12 49 6
12 50 5
12 51 0
12 52 8
12 53 1
12 54 5
12 55 4
12 56 1
12 57 7
12 58 0
12 59 9
12 60 6
12 61 8
12 62 4
12 63 5
12 64 2
12 65 8
12 66 6
12 67 2
12 68 2
12 69 6
12 70 7
12 71 8
12 72 4
12 73 4
12 74 0
12 75 3
12 76 8
12 77 2
12 78 5
12 79 7
12 80 3
12 81 5
12 82 7
12 83 6
12 84 1
12 85 8
12 86 5
12 87 5
12 88 0
12 89 3
12 90 7
12 91 6
12 92 6
12 93 6
12 94 4
12 95 7
12 96 6
12 97 7
12 98 6
12 99 0
13 14 0
13 15 8
13 16 7
13 17 3
13 18 7
13 19 0
13 20 1
13 21 8
13 22 1
13 23 4
13 24 5
13 25 6
13 26 1
13 27 9
13 28 8
13 29 1
13 30 4
13 31 7
13 32 7
13 33 1
13 34 1
13 35 0
13 36 2
13 37 9
13 38 1
13 39 2
13 40 9
13 41 0
13 42 4
13 43 4
13 44 2
13 45 9
13 46 1
13 47 0
13 48 3
13 49 7
13 50 5
13 51 5
13 52 2
13 53 1
13 54 1
13 55 4
13 56 6
13 57 0
13 58 4
13 59 1
13 60 3
13 61 9
13 62 9
13 63 4
13 64 2
13 65 9
13 66 9
13 67 8
13 68 5
13 69 2
13 70 0
13 71 8
13 72 4
13 73 2
13 74 2
13 75 9
13 76 5
13 77 8
13 78 5
13 79 8
13 80 1
13 81 0
13 82 0
13 83 7
13 84 4
13 85 3
13 86 0
13 87 2
13 88 9
13 89 5
13 90 9
13 91 7
13 92 2
13 93 8
13 94 2
13 95 1
13 96 8
13 97 2
13 98 7
13 99 1
14 15 2
14 16 4
14 17 4
14 18 0
14 19 7
14 20 7
14 21 3
14 22 9
14 23 5
14 24 7
14 25 1
14 26 9
14 27 1
14 28 4
14 29 4
14 30 8
14 31 2
14 32 5
14 33 7
14 34 3
14 35 2
14 36 5
14 37 8
14 38 9
14 39 6
14 40 0
14 41 7
14 42 3
14 43 7
14 44 7
14 45 1
14 46 7
14 47 3
14 48 3
14 49 7
14 50 8
14 51 3
14 52 3
14 53 5
14 54 1
14 55 9
14 56 0
14 57 0
14 58 0
14 59 9
14 60 2
14 61 5
14 62 1
14 63 8
14 64 5
14 65 1
14 66 4
14 67 6
14 68 7
14 69 4
14 70 9
14 71 7
14 72 9
14 73 3
14 74 5
14 75 1
14 76 4
14 77 1
14 78 7
14 79 3
14 80 1
14 81 5
14 82 9
14 83 0
14 84 5
14 85 1
14 86 6
14 87 7
14 88 5
14 89 5
14 90 1
14 91 0
14 92 3
14 93 5
14 94 8
14 95 1
14 96 2
14 97 3
14 98 0
14 99 2
15 16 3
15 17 6
15 18 0
15 19 6
15 20 8
15 21 4
15 22 5
15 23 4
15 24 7
15 25 4
15 26 0
15 27 0
15 28 8
15 29 1
15 30 0
15 31 1
15 32 3
15 33 0
15 34 5
15 35 6
15 36 6
15 37 8
15 38 5
15 39 2
15 40 4
15 41 4
15 42 9
15 43 9
15 44 2
15 45 0
15 46 3
15 47 9
15 48 8
15 49 7
15 50 9
15 51 8
15 52 7
15 53 8
15 54 1
15 55 5
15 56 8
15 57 5
15 58 2
15 59 8
15 60 3
15 61 7
15 62 5
15 63 4
15 64 9
15 65 6
15 66 0
15 67 8
15 68 3
15 69 9
15 70 4
15 71 9
15 72 4
15 73 5
15 74 8
15 75 1
15 76 2
15 77 0
15 78 7
15 79 8
15 80 2
15 81 4
15 82 9
15 83 1
15 84 6
15 85 3
15 86 4
15 87 4
15 88 8
15 89 0
15 90 0
15 91 7
15 92 0
15 93 4
15 94 0
15 95 2
15 96 3
15 97 2
15 98 7
15 99 2
16 17 0
16 18 9
16 19 1
16 20 0
16 21 2
16 22 4
16 23 0
16 24 5
16 25 5
16 26 1
16 27 2
16 28 4
16 29 7
16 30 6
16 31 1
16 32 4
16 33 8
16 34 7
16 35 6
16 36 2
16 37 6
16 38 9
16 39 5
16 40 6
16 41 2
16 42 2
16 43 0
16 44 9
16 45 4
16 46 7
16 47 7
16 48 4
16 49 1
16 50 0
16 51 4
16 52 5
16 53 2
16 54 1
16 55 4
16 56 0
16 57 5
16 58 8
16 59 6
16 60 6
16 61 5
16 62 8
16 63 6
16 64 5
16 65 2
16 66 4
16 67 7
16 68 5
16 69 5
16 70 4
16 71 0
16 72 2
16 73 1
16 74 4
16 75 0
16 76 0
16 77 3
16 78 6
16 79 5
16 80 9
16 81 2
16 82 5
16 83 5
16 84 8
16 85 7
16 86 0
16 87 5
16 88 0
16 89 0
16 90 3
16 91 6
16 92 6
16 93 3
16 94 6
16 95 2
16 96 6
16 97 4
16 98 6
16 99 8
17 18 2
17 19 0
17 20 3
17 21 1
17 22 8
17 23 1
17 24 8
17 25 9
17 26 8
17 27 8
17 28 2
17 29 7
17 30 8
17 31 9
17 32 1
17 33 6
17 34 7
17 35 6
17 36 0
17 37 6
17 38 8
17 39 1
17 40 6
17 41 8
17 42 7
17 43 4
17 44 1
17 45 6
17 46 8
17 47 9
17 48 8
17 49 9
17 50 4
17 51 0
17 52 8
17 53 0
17 54 9
17 55 4
17 56 9
17 57 7
17 58 1
17 59 8
17 60 2
17 61 2
17 62 9
17 63 9
17 64 0
17 65 6
17 66 1
17 67 4
17 68 6
17 69 6
17 70 8
17 71 2
17 72 7
17 73 5
17 74 3
17 75 8
17 76 4
17 77 3
17 78 0
17 79 3
17 80 6
17 81 0
17 82 4
17 83 1
17 84 1
17 85 9
17 86 0
17 87 2
17 88 9
17 89 8
17 90 5
17 91 2
17 92 4
17 93 5
17 94 1
17 95 0
17 96 5
17 97 7
17 98 6
17 99 0
18 19 1
18 20 9
18 21 6
18 22 4
18 23 9
18 24 4
18 25 5
18 26 3
18 27 5
18 28 4
18 29 0
18 30 6
18 31 3
18 32 3
18 33 9
18 34 4
18 35 6
18 36 1
18 37 9
18 38 2
18 39 5
18 40 9
18 41 5
18 42 7
18 43 4
18 44 2
18 45 7
18 46 9
18 47 9
18 48 5
18 49 4
18 50 9
18 51 7
18 52 6
18 53 7
18 54 0
18 55 5
18 56 2
18 57 1
18 58 9
18 59 7
18 60 2
18 61 1
18 62 4
18 63 7
18 64 7
18 65 0
18 66 9
18 67 9
18 68 1
18 69 1
18 70 1
18 71 9
18 72 3
18 73 5
18 74 6
18 75 0
18 76 3
18 77 2
18 78 5
18 79 6
18 80 3
18 81 2
18 82 9
18 83 1
18 84 4
18 85 6
18 86 9
18 87 3
18 88 8
18 89 9
18 90 0
18 91 5
18 92 3
18 93 1
18 94 8
18 95 9
18 96 9
18 97 9
18 98 0
18 99 1
19 20 2
19 21 1
19 22 2
19 23 8
19 24 3
19 25 0
19 26 7
19 27 8
19 28 0
19 29 3
19 30 4
19 31 3
19 32 8
19 33 1
19 34 2
19 35 0
19 36 7
19 37 8
19 38 7
19 39 5
19 40 8
19 41 0
19 42 5
19 43 4
19 44 1
19 45 2
19 46 8
19 47 3
19 48 0
19 49 9
19 50 6
19 51 7
19 52 3
19 53 4
19 54 4
19 55 6
19 56 3
19 57 1
19 58 9
19 59 6
19 60 2
19 61 1
19 62 1
19 63 7
19 64 6
19 65 0
19 66 5
19 67 0
19 68 3
19 69 7
19 70 3
19 71 2
19 72 3
19 73 6
19 74 3
19 75 2
19 76 7
19 77 9
19 78 8
19 79 6
19 80 6
19 81 1
19 82 8
19 83 5
19 84 1
19 85 5
19 86 0
19 87 1
19 88 3
19 89 4
19 90 7
19 91 5
19 92 9
19 93 3
19 94 1
19 95 9
19 96 0
19 97 0
19 98 7
19 99 0
20 21 5
20 22 7
20 23 2
20 24 5
20 25 1
20 26 1
20 27 4
20 28 4
20 29 4
20 30 2
20 31 5
20 32 0
20 33 0
20 34 8
20 35 7
20 36 8
20 37 8
20 38 3
20 39 2
20 40 8
20 41 2
20 42 9
20 43 6
20 44 9
20 45 2
20 46 9
20 47 8
20 48 3
20 49 1
20 50 9
20 51 8
20 52 3
20 53 5
20 54 7
20 55 6
20 56 6
20 57 9
20 58 0
20 59 3
20 60 3
20 61 8
20 62 0
20 63 0
20 64 3
20 65 5
20 66 9
20 67 5
20 68 2
20 69 3
20 70 8
20 71 0
20 72 3
20 73 9
20 74 8
20 75 9
20 76 6
20 77 7
20 78 0
20 79 4
20 80 7
20 81 3
20 82 1
20 83 6
20 84 1
20 85 7
20 86 6
20 87 0
20 88 2
20 89 3
20 90 9
20 91 6
20 92 1
20 93 9
20 94 2
20 95 7
20 96 9
20 97 4
20 98 9
20 99 6
21 22 3
21 23 6
21 24 2
21 25 3
21 26 9
21 27 6
21 28 1
21 29 1
21 30 0
21 31 1
21 32 4
21 33 3
21 34 0
21 35 2
21 36 2
21 37 7
21 38 2
21 39 2
21 40 9
21 41 1
21 42 8
21 43 8
21 44 5
21 45 4
21 46 6
21 47 1
21 48 2
21 49 0
21 50 2
21 51 6
21 52 2
21 53 3
21 54 2
21 55 1
21 56 2
21 57 3
21 58 8
21 59 1
21 60 9
21 61 4
21 62 2
21 63 9
21 64 8
21 65 0
21 66 4
21 67 0
21 68 5
21 69 3
21 70 5
21 71 5
21 72 4
21 73 3
21 74 4
21 75 0
21 76 9
21 77 7
21 78 5
21 79 3
21 80 1
21 81 3
21 82 1
21 83 3
21 84 4
21 85 1
21 86 3
21 87 3
21 88 5
21 89 5
21 90 9
21 91 2
21 92 2
21 93 3
21 94 0
21 95 1
21 96 8
21 97 3
21 98 2
21 99 8
22 23 6
22 24 8
22 25 5
22 26 0
22 27 2
22 28 2
22 29 3
22 30 4
22 31 3
22 32 4
22 33 6
22 34 3
22 35 0
22 36 6
22 37 9
22 38 6
22 39 5
22 40 7
22 41 6
22 42 3
22 43 9
22 44 1
22 45 2
22 46 2
22 47 2
22 48 7
22 49 6
22 50 8
22 51 0
22 52 9
22 53 6
22 54 8
22 55 0
22 56 1
22 57 8
22 58 4
22 59 8
22 60 8
22 61 7
22 62 6
22 63 1
22 64 5
22 65 8
22 66 0
22 67 0
22 68 5
22 69 8
22 70 7
22 71 8
22 72 0
22 73 6
22 74 3
22 75 9
22 76 1
22 77 0
22 78 5
22 79 8
22 80 6
22 81 6
22 82 5
22 83 0
22 84 2
22 85 1
22 86 0
22 87 9
22 88 7
22 89 8
22 90 1
22 91 5
22 92 9
22 93 2
22 94 4
22 95 8
22 96 0
22 97 7
22 98 4
22 99 5
23 24 3
23 25 8
23 26 3
23 27 4
23 28 3
23 29 7
23 30 6
23 31 8
23 32 9
23 33 5
23 34 2
23 35 1
23 36 8
23 37 1
23 38 0
23 39 2
23 40 4
23 41 9
23 42 5
23 43 8
23 44 6
23 45 9
23 46 1
23 47 4
23 48 7
23 49 9
23 50 7
23 51 6
23 52 1
23 53 1
23 54 4
23 55 6
23 56 0
23 57 4
23 58 8
23 59 8
23 60 0
23 61 6
23 62 2
23 63 1
23 64 0
23 65 1
23 66 0
23 67 4
23 68 8
23 69 6
23 70 3
23 71 6
23 72 0
23 73 9
23 74 0
23 75 8
23 76 6
23 77 8
23 78 5
23 79 2
23 80 3
23 81 0
23 82 1
23 83 6
23 84 1
23 85 2
23 86 6
23 87 6
23 88 8
23 89 7
23 90 1
23 91 0
23 92 2
23 93 6
23 94 9
23 95 8
23 96 9
23 97 6
23 98 1
23 99 8
24 25 8
24 26 0
24 27 3
24 28 4
24 29 5
24 30 3
24 31 3
24 32 5
24 33 6
24 34 4
24 35 4
24 36 9
24 37 8
24 38 6
24 39 1
24 40 0
24 41 2
24 42 1
24 43 8
24 44 4
24 45 8
24 46 3
24 47 6
24 48 1
24 49 8
24 50 8
24 51 9
24 52 6
24 53 4
24 54 4
24 55 5
24 56 2
24 57 9
24 58 3
24 59 6
24 60 2
24 61 5
24 62 9
24 63 6
24 64 6
24 65 8
24 66 5
24 67 5
24 68 1
24 69 6
24 70 0
24 71 9
24 72 7
24 73 9
24 74 6
24 75 2
24 76 4
24 77 6
24 78 1
24 79 4
24 80 7
24 81 5
24 82 4
24 83 1
24 84 1
24 85 4
24 86 0
24 87 3
24 88 6
24 89 1
24 90 7
24 91 6
24 92 5
24 93 4
24 94 3
24 95 3
24 96 7
24 97 7
24 98 1
24 99 6
25 26 8
25 27 9
25 28 4
25 29 9
25 30 0
25 31 5
25 32 2
25 33 2
25 34 3
25 35 9
25 36 4
25 37 8
25 38 9
25 39 1
25 40 2
25 41 4
25 42 0
25 43 9
25 44 3
25 45 7
25 46 8
25 47 8
25 48 1
25 49 2
25 50 1
25 51 2
25 52 0
25 53 7
25 54 7
25 55 6
25 56 1
25 57 0
25 58 1
25 59 6
25 60 3
25 61 3
25 62 2
25 63 7
25 64 8
25 65 1
25 66 4
25 67 7
25 68 3
25 69 2
25 70 4
25 71 5
25 72 7
25 73 1
25 74 4
25 75 2
25 76 7
25 77 9
25 78 5
25 79 9
25 80 3
25 81 9
25 82 2
25 83 7
25 84 2
25 85 7
25 86 9
25 87 2
25 88 5
25 89 4
25 90 6
25 91 9
25 92 2
25 93 4
25 94 2
25 95 2
25 96 4
25 97 5
25 98 0
25 99 2
26 27 6
26 28 1
26 29 5
26 30 5
26 31 8
26 32 8
26 33 6
26 34 4
26 35 7
26 36 0
26 37 7
26 38 4
26 39 6
26 40 6
26 41 3
26 42 0
26 43 6
26 44 7
26 45 7
26 46 7
26 47 5
26 48 5
26 49 6
26 50 2
26 51 5
26 52 2
26 53 4
26 54 6
26 55 3
26 56 7
26 57 2
26 58 5
26 59 3
26 60 5
26 61 5
26 62 5
26 63 0
26 64 9
26 65 2
26 66 4
26 67 2
26 68 0
26 69 2
26 70 6
26 71 7
26 72 4
26 73 2
26 74 2
26 75 6
26 76 0
26 77 1
26 78 6
26 79 4
26 80 7
26 81 0
26 82 1
26 83 5
26 84 8
26 85 0
26 86 6
26 87 5
26 88 4
26 89 2
26 90 0
26 91 9
26 92 3
26 93 2
26 94 7
26 95 3
26 96 7
26 97 5
26 98 8
26 99 5
27 28 3
27 29 8
27 30 3
27 31 8
27 32 1
27 33 0
27 34 7
27 35 0
27 36 0
27 37 8
27 38 2
27 39 4
27 40 5
27 41 9
27 42 8
27 43 5
27 44 3
27 45 6
27 46 1
27 47 8
27 48 1
27 49 4
27 50 1
27 51 3
27 52 5
27 53 4
27 54 6
27 55 9
27 56 7
27 57 9
27 58 0
27 59 0
27 60 6
27 61 9
27 62 5
27 63 0
27 64 7
27 65 2
27 66 2
27 67 8
27 68 7
27 69 3
27 70 0
27 71 0
27 72 1
27 73 3
27 74 4
27 75 6
27 76 3
27 77 6
27 78 6
27 79 5
27 80 6
27 81 0
27 82 5
27 83 7
27 84 4
27 85 3
27 86 1
27 87 6
27 88 9
27 89 5
27 90 9
27 91 3
27 92 4
27 93 1
27 94 6
27 95 2
27 96 6
27 97 4
27 98 5
27 99 1
28 29 4
28 30 4
28 31 2
28 32 7
28 33 3
28 34 6
28 35 9
28 36 2
28 37 7
28 38 0
28 39 2
28 40 7
28 41 4
28 42 8
28 43 5
28 44 7
28 45 1
28 46 3
28 47 6
28 48 0
28 49 4
28 50 8
28 51 8
28 52 0
28 53 4
28 54 9
28 55 4
28 56 6
28 57 5
28 58 6
28 59 9
28 60 0
28 61 6
28 62 1
28 63 2
28 64 5
28 65 1
28 66 9
28 67 7
28 68 0
28 69 8
28 70 1
28 71 4
28 72 5
28 73 3
28 74 9
28 75 3
28 76 4
28 77 8
28 78 5
28 79 1
28 80 1
28 81 7
28 82 0
28 83 5
28 84 4
28 85 9
28 86 0
28 87 9
28 88 8
28 89 5
28 90 3
28 91 5
28 92 8
28 93 8
28 94 7
28 95 3
28 96 4
28 97 6
28 98 9
28 99 9
29 30 6
29 31 8
29 32 9
29 33 6
29 34 7
29 35 3
29 36 0
29 37 1
29 38 5
29 39 2
29 40 0
29 41 9
29 42 6
29 43 3
29 44 1
29 45 1
29 46 4
29 47 6
29 48 9
29 49 2
29 50 5
29 51 0
29 52 9
29 53 8
29 54 7
29 55 5
29 56 6
29 57 1
29 58 7
29 59 3
29 60 9
29 61 3
29 62 4
29 63 8
29 64 2
29 65 3
29 66 5
29 67 1
29 68 9
29 69 0
29 70 6
29 71 9
29 72 6
29 73 8
29 74 2
29 75 4
29 76 5
29 77 9
29 78 9
29 79 1
29 80 3
29 81 2
29 82 5
29 83 5
29 84 8
29 85 8
29 86 4
29 87 9
29 88 4
29 89 0
29 90 2
29 91 6
29 92 5
29 93 4
29 94 3
29 95 8
29 96 3
29 97 0
29 98 6
29 99 2
30 31 9
30 32 2
30 33 3
30 34 7
30 35 6
30 36 0
30 37 5
30 38 1
30 39 9
30 40 7
30 41 6
30 42 6
30 43 0
30 44 9
30 45 9
30 46 1
30 47 4
30 48 7
30 49 8
30 50 6
30 51 0
30 52 5
30 53 7
30 54 0
30 55 9
30 56 5
30 57 2
30 58 6
30 59 3
30 60 6
30 61 6
30 62 6
30 63 0
30 64 9
30 65 6
30 66 2
30 67 6
30 68 0
30 69 5
30 70 1
30 71 0
30 72 6
30 73 7
30 74 6
30 75 0
30 76 5
30 77 9
30 78 8
30 79 0
30 80 0
30 81 7
30 82 6
30 83 3
30 84 1
30 85 3
30 86 7
30 87 3
30 88 4
30 89 4
30 90 6
30 91 6
30 92 5
30 93 4
30 94 1
30 95 6
30 96 2
30 97 0
30 98 5
30 99 9
31 32 8
31 33 5
31 34 3
31 35 3
31 36 6
31 37 1
31 38 4
31 39 7
31 40 7
31 41 7
31 42 9
31 43 0
31 44 0
31 45 4
31 46 0
31 47 3
31 48 0
31 49 6
31 50 9
31 51 1
31 52 0
31 53 3
31 54 0
31 55 3
31 56 5
31 57 1
31 58 0
31 59 6
31 60 2
31 61 7
31 62 0
31 63 1
31 64 0
31 65 9
31 66 8
31 67 0
31 68 2
31 69 0
31 70 8
31 71 1
31 72 8
31 73 2
31 74 1
31 75 6
31 76 0
31 77 2
31 78 0
31 79 7
31 80 7
31 81 4
31 82 5
31 83 0
31 84 2
31 85 9
31 86 9
31 87 8
31 88 2
31 89 4
31 90 9
31 91 4
31 92 2
31 93 6
31 94 0
31 95 5
31 96 3
31 97 9
31 98 0
31 99 5
32 33 4
32 34 8
32 35 2
32 36 0
32 37 9
32 38 3
32 39 5
32 40 0
32 41 1
32 42 5
32 43 3
32 44 6
32 45 4
32 46 4
32 47 3
32 48 1
32 49 3
32 50 0
32 51 1
32 52 7
32 53 4
32 54 8
32 55 8
32 56 0
32 57 7
32 58 5
32 59 1
32 60 4
32 61 4
32 62 7
32 63 4
32 64 4
32 65 9
32 66 8
32 67 1
32 68 8
32 69 5
32 70 7
32 71 8
32 72 3
32 73 3
32 74 0
32 75 4
32 76 1
32 77 7
32 78 9
32 79 1
32 80 2
32 81 4
32 82 0
32 83 5
32 84 4
32 85 6
32 86 7
32 87 9
32 88 3
32 89 2
32 90 9
32 91 7
32 92 6
32 93 6
32 94 6
32 95 5
32 96 1
32 97 6
32 98 7
32 99 1
33 34 7
33 35 8
33 36 0
33 37 7
33 38 0
33 39 7
33 40 1
33 41 2
33 42 1
33 43 4
33 44 4
33 45 0
33 46 0
33 47 3
33 48 9
33 49 3
33 50 8
33 51 6
33 52 4
33 53 0
33 54 2
33 55 7
33 56 8
33 57 4
33 58 8
33 59 2
33 60 3
33 61 3
33 62 0
33 63 6
33 64 0
33 65 2
33 66 6
33 67 5
33 68 4
33 69 1
33 70 5
33 71 4
33 72 0
33 73 0
33 74 8
33 75 6
33 76 2
33 77 5
33 78 2
33 79 7
33 80 5
33 81 6
33 82 7
33 83 0
33 84 3
33 85 0
33 86 1
33 87 0
33 88 6
33 89 3
33 90 5
33 91 3
33 92 1
33 93 1
33 94 5
33 95 1
33 96 7
33 97 6
33 98 4
33 99 8
34 35 9
34 36 2
34 37 7
34 38 0
34 39 4
34 40 7
34 41 8
34 42 3
34 43 2
34 44 5
34 45 1
34 46 5
34 47 7
34 48 8
34 49 9
34 50 8
34 51 9
34 52 9
34 53 9
34 54 8
34 55 4
34 56 3
34 57 2
34 58 8
34 59 3
34 60 4
34 61 3
34 62 3
34 63 8
34 64 0
34 65 5
34 66 7
34 67 0
34 68 6
34 69 5
34 70 5
34 71 1
34 72 5
34 73 8
34 74 2
34 75 6
34 76 1
34 77 9
34 78 8
34 79 8
34 80 1
34 81 9
34 82 9
34 83 0
34 84 0
34 85 2
34 86 2
34 87 4
34 88 1
34 89 3
34 90 8
34 91 3
34 92 4
34 93 8
34 94 8
34 95 0
34 96 7
34 97 0
34 98 4
34 99 2
35 36 3
35 37 0
35 38 8
35 39 2
35 40 5
35 41 1
35 42 4
35 43 1
35 44 5
35 45 5
35 46 9
35 47 2
35 48 9
35 49 0
35 50 6
35 51 1
35 52 2
35 53 5
35 54 7
35 55 5
35 56 6
35 57 5
35 58 3
35 59 1
35 60 1
35 61 2
35 62 4
35 63 2
35 64 6
35 65 4
35 66 2
35 67 6
35 68 7
35 69 3
35 70 0
35 71 9
35 72 4
35 73 5
35 74 7
35 75 8
35 76 3
35 77 8
35 78 7
35 79 2
35 80 3
35 81 5
35 82 2
35 83 7
35 84 7
35 85 8
35 86 7
35 87 0
35 88 7
35 89 5
35 90 4
35 91 9
35 92 6
35 93 2
35 94 1
35 95 6
35 96 7
35 97 2
35 98 8
35 99 5
36 37 1
36 38 6
36 39 4
36 40 4
36 41 6
36 42 5
36 43 3
36 44 1
36 45 1
36 46 6
36 47 9
36 48 0
36 49 4
36 50 0
36 51 6
36 52 4
36 53 9
36 54 2
36 55 7
36 56 0
36 57 8
36 58 7
36 59 3
36 60 3
36 61 9
36 62 9
36 63 6
36 64 8
36 65 0
36 66 5
36 67 5
36 68 7
36 69 6
36 70 2
36 71 3
36 72 0
36 73 8
36 74 1
36 75 8
36 76 1
36 77 5
36 78 9
36 79 9
36 80 4
36 81 5
36 82 3
36 83 5
36 84 7
36 85 7
36 86 9
36 87 2
36 88 7
36 89 1
36 90 3
36 91 1
36 92 2
36 93 1
36 94 8
36 95 3
36 96 8
36 97 7
36 98 4
36 99 0
37 38 7
37 39 1
37 40 1
37 41 1
37 42 8
37 43 1
37 44 6
37 45 5
37 46 7
37 47 9
37 48 2
37 49 8
37 50 7
37 51 7
37 52 8
37 53 6
37 54 8
37 55 6
37 56 8
37 57 3
37 58 0
37 59 2
37 60 1
37 61 6
37 62 5
37 63 5
37 64 7
37 65 9
37 66 8
37 67 7
37 68 3
37 69 8
37 70 8
37 71 0
37 72 5
37 73 7
37 74 0
37 75 6
37 76 5
37 77 2
37 78 5
37 79 1
37 80 6
37 81 6
37 82 4
37 83 4
37 84 3
37 85 6
37 86 6
37 87 2
37 88 2
37 89 5
37 90 9
37 91 1
37 92 0
37 93 3
37 94 5
37 95 3
37 96 3
37 97 2
37 98 6
37 99 9
38 39 7
38 40 5
38 41 2
38 42 8
38 43 4
38 44 4
38 45 1
38 46 0
38 47 1
38 48 2
38 49 0
38 50 8
38 51 3
38 52 8
38 53 7
38 54 4
38 55 5
38 56 6
38 57 7
38 58 1
38 59 3
38 60 8
38 61 4
38 62 7
38 63 6
38 64 7
38 65 1
38 66 6
38 67 7
38 68 1
38 69 1
38 70 7
38 71 5
38 72 0
38 73 9
38 74 4
38 75 1
38 76 3
38 77 1
38 78 7
38 79 1
38 80 6
38 81 5
38 82 5
38 83 1
38 84 8
38 85 5
38 86 1
38 87 6
38 88 1
38 89 0
38 90 5
38 91 8
38 92 4
38 93 9
38 94 6
38 95 4
38 96 1
38 97 3
38 98 7
38 99 6
39 40 4
39 41 4
39 42 4
39 43 5
39 44 2
39 45 4
39 46 9
39 47 4
39 48 2
39 49 3
39 50 7
39 51 8
39 52 4
39 53 7
39 54 2
39 55 8
39 56 9
39 57 7
39 58 9
39 59 1
39 60 9
39 61 0
39 62 6
39 63 4
39 64 3
39 65 5
39 66 5
39 67 2
39 68 9
39 69 6
39 70 2
39 71 2
39 72 0
39 73 3
39 74 4
39 75 2
39 76 7
39 77 6
39 78 3
39 79 4
39 80 0
39 81 4
39 82 7
39 83 9
39 84 7
39 85 3
39 86 6
39 87 3
39 88 1
39 89 2
39 90 6
39 91 3
39 92 8
39 93 1
39 94 4
39 95 0
39 96 9
39 97 6
39 98 0
39 99 5
40 41 0
40 42 3
40 43 6
40 44 3
40 45 0
40 46 4
40 47 1
40 48 0
40 49 4
40 50 7
40 51 3
40 52 3
40 53 4
40 54 9
40 55 3
40 56 6
40 57 1
40 58 2
40 59 3
40 60 6
40 61 8
40 62 4
40 63 5
40 64 1
40 65 3
40 66 6
40 67 5
40 68 7
40 69 8
40 70 5
40 71 4
40 72 0
40 73 1
40 74 7
40 75 4
40 76 5
40 77 9
40 78 7
40 79 6
40 80 5
40 81 2
40 82 8
40 83 5
40 84 2
40 85 7
40 86 1
40 87 6
40 88 0
40 89 3
40 90 8
40 91 9
40 92 4
40 93 4
40 94 0
40 95 2
40 96 8
40 97 7
40 98 6
40 99 4
41 42 9
41 43 1
41 44 5
41 45 0
41 46 5
41 47 6
41 48 1
41 49 9
41 50 9
41 51 0
41 52 3
41 53 6
41 54 4
41 55 3
41 56 3
41 57 5
41 58 3
41 59 5
41 60 0
41 61 2
41 62 8
41 63 6
41 64 6
41 65 0
41 66 6
41 67 8
41 68 9
41 69 3
41 70 6
41 71 9
41 72 2
41 73 3
41 74 0
41 75 1
41 76 2
41 77 9
41 78 8
41 79 9
41 80 2
41 81 4
41 82 5
41 83 0
41 84 0
41 85 2
41 86 3
41 87 7
41 88 8
41 89 3
41 90 5
41 91 7
41 92 3
41 93 1
41 94 1
41 95 6
41 96 1
41 97 5
41 98 3
41 99 4
42 43 6
42 44 3
42 45 6
42 46 2
42 47 6
42 48 5
42 49 9
42 50 1
42 51 2
42 52 7
42 53 6
42 54 3
42 55 5
42 56 7
42 57 8
42 58 2
42 59 4
42 60 1
42 61 2
42 62 9
42 63 9
42 64 8
42 65 6
42 66 7
42 67 0
42 68 5
42 69 2
42 70 1
42 71 0
42 72 4
42 73 1
42 74 8
42 75 1
42 76 5
42 77 9
42 78 3
42 79 0
42 80 7
42 81 6
42 82 9
42 83 8
42 84 5
42 85 7
42 86 3
42 87 2
42 88 8
42 89 2
42 90 7
42 91 9
42 92 5
42 93 3
42 94 5
42 95 9
42 96 0
42 97 7
42 98 8
42 99 9
43 44 5
43 45 7
43 46 3
43 47 8
43 48 3
43 49 0
43 50 5
43 51 5
43 52 3
43 53 7
43 54 7
43 55 8
43 56 9
43 57 0
43 58 2
43 59 4
43 60 2
43 61 8
43 62 8
43 63 2
43 64 5
43 65 4
43 66 4
43 67 8
43 68 2
43 69 6
43 70 2
43 71 3
43 72 6
43 73 5
43 74 0
43 75 9
43 76 3
43 77 3
43 78 4
43 79 3
43 80 8
43 81 9
43 82 7
43 83 1
43 84 6
43 85 5
43 86 6
43 87 3
43 88 3
43 89 8
43 90 8
43 91 7
43 92 1
43 93 2
43 94 5
43 95 9
43 96 5
43 97 5
43 98 2
43 99 7
44 45 1
44 46 8
44 47 8
44 48 7
44 49 6
44 50 7
44 51 8
44 52 7
44 53 0
44 54 7
44 55 0
44 56 1
44 57 8
44 58 9
44 59 8
44 60 4
44 61 1
44 62 7
44 63 1
44 64 9
44 65 9
44 66 7
44 67 6
44 68 5
44 69 7
44 70 9
44 71 9
44 72 8
44 73 7
44 74 2
44 75 0
44 76 9
44 77 7
44 78 3
44 79 7
44 80 6
44 81 4
44 82 5
44 83 9
44 84 4
44 85 5
44 86 4
44 87 9
44 88 7
44 89 9
44 90 6
44 91 6
44 92 5
44 93 1
44 94 6
44 95 7
44 96 1
44 97 8
44 98 2
44 99 8
45 46 9
45 47 0
45 48 8
45 49 6
45 50 1
45 51 5
45 52 1
45 53 3
45 54 6
45 55 4
45 56 7
45 57 8
45 58 4
45 59 4
45 60 3
45 61 7
45 62 0
45 63 9
45 64 5
45 65 9
45 66 4
45 67 8
45 68 4
45 69 8
45 70 2
45 71 0
45 72 3
45 73 6
45 74 4
45 75 5
45 76 9
45 77 2
45 78 0
45 79 6
45 80 0
45 81 1
45 82 9
45 83 0
45 84 2
45 85 0
45 86 0
45 87 1
45 88 5
45 89 8
45 90 0
45 91 0
45 92 0
45 93 1
45 94 6
45 95 0
45 96 5
45 97 0
45 98 0
45 99 1
46 47 8
46 48 3
46 49 9
46 50 6
46 51 5
46 52 1
46 53 5
46 54 8
46 55 5
46 56 9
46 57 6
46 58 6
46 59 3
46 60 6
46 61 5
46 62 3
46 63 6
46 64 4
46 65 0
46 66 4
46 67 8
46 68 7
46 69 5
46 70 6
46 71 4
46 72 0
46 73 0
46 74 8
46 75 0
46 76 5
46 77 4
46 78 3
46 79 1
46 80 0
46 81 5
46 82 6
46 83 3
46 84 4
46 85 0
46 86 3
46 87 9
46 88 1
46 89 8
46 90 8
46 91 4
46 92 3
46 93 8
46 94 5
46 95 3
46 96 0
46 97 9
46 98 1
46 99 9
47 48 1
47 49 7
47 50 7
47 51 2
47 52 2
47 53 4
47 54 8
47 55 4
47 56 1
47 57 3
47 58 8
47 59 5
47 60 2
47 61 8
47 62 6
47 63 7
47 64 4
47 65 1
47 66 3
47 67 5
47 68 2
47 69 2
47 70 3
47 71 0
47 72 1
47 73 8
47 74 9
47 75 2
47 76 9
47 77 3
47 78 1
47 79 2
47 80 7
47 81 6
47 82 3
47 83 4
47 84 2
47 85 4
47 86 6
47 87 5
47 88 7
47 89 9
47 90 1
47 91 5
47 92 3
47 93 4
47 94 2
47 95 0
47 96 8
47 97 4
47 98 8
47 99 8
48 49 7
48 50 5
48 51 5
48 52 1
48 53 5
48 54 5
48 55 0
48 56 8
48 57 5
48 58 8
48 59 4
48 60 7
48 61 0
48 62 1
48 63 9
48 64 7
48 65 5
48 66 5
48 67 2
48 68 0
48 69 6
48 70 0
48 71 2
48 72 0
48 73 1
48 74 9
48 75 5
48 76 5
48 77 5
48 78 1
48 79 9
48 80 8
48 81 2
48 82 5
48 83 3
48 84 4
48 85 1
48 86 2
48 87 4
48 88 4
48 89 6
48 90 5
48 91 4
48 92 4
48 93 6
48 94 7
48 95 0
48 96 0
48 97 0
48 98 6
48 99 1
49 50 7
49 51 2
49 52 9
49 53 4
49 54 8
49 55 0
49 56 2
49 57 7
49 58 8
49 59 2
49 60 0
49 61 8
49 62 9
49 63 3
49 64 1
49 65 3
49 66 3
49 67 7
49 68 0
49 69 9
49 70 9
49 71 3
49 72 5
49 73 5
49 74 7
49 75 0
49 76 0
49 77 8
49 78 8
49 79 9
49 80 6
49 81 8
49 82 5
49 83 6
49 84 0
49 85 7
49 86 2
49 87 2
49 88 1
49 89 7
49 90 8
49 91 9
49 92 6
49 93 2
49 94 3
49 95 2
49 96 2
49 97 8
49 98 4
49 99 2
50 51 1
50 52 7
50 53 9
50 54 3
50 55 2
50 56 7
50 57 4
50 58 7
50 59 3
50 60 6
50 61 1
50 62 9
50 63 6
50 64 0
50 65 4
50 66 8
50 67 6
50 68 5
50 69 1
50 70 6
50 71 4
50 72 6
50 73 7
50 74 2
50 75 6
50 76 9
50 77 4
50 78 9
50 79 1
50 80 3
50 81 8
50 82 1
50 83 9
50 84 4
50 85 9
50 86 8
50 87 8
50 88 3
50 89 3
50 90 8
50 91 0
50 92 2
50 93 0
50 94 5
50 95 9
50 96 8
50 97 7
50 98 5
50 99 0
51 52 4
51 53 3
51 54 5
51 55 7
51 56 6
51 57 6
51 58 0
51 59 8
51 60 0
51 61 0
51 62 4
51 63 1
51 64 2
51 65 1
51 66 6
51 67 8
51 68 3
51 69 9
51 70 9
51 71 2
51 72 5
51 73 2
51 74 9
51 75 4
51 76 4
51 77 3
51 78 1
51 79 5
51 80 5
51 81 7
51 82 7
51 83 9
51 84 7
51 85 8
51 86 8
51 87 6
51 88 7
51 89 2
51 90 5
51 91 3
51 92 8
51 93 7
51 94 2
51 95 9
51 96 2
51 97 4
51 98 7
51 99 9
52 53 9
52 54 3
52 55 1
52 56 6
52 57 2
52 58 6
52 59 5
52 60 9
52 61 3
52 62 4
52 63 3
52 64 0
52 65 3
52 66 9
52 67 0
52 68 5
52 69 2
52 70 4
52 71 8
52 72 0
52 73 1
52 74 1
52 75 3
52 76 0
52 77 6
52 78 6
52 79 5
52 80 9
52 81 3
52 82 9
52 83 0
52 84 6
52 85 0
52 86 6
52 87 5
52 88 6
52 89 3
52 90 0
52 91 1
52 92 1
52 93 5
52 94 5
52 95 3
52 96 0
52 97 3
52 98 6
52 99 1
53 54 3
53 55 2
53 56 8
53 57 2
53 58 3
53 59 3
53 60 4
53 61 0
53 62 6
53 63 7
53 64 7
53 65 4
53 66 0
53 67 8
53 68 3
53 69 0
53 70 5
53 71 4
53 72 8
53 73 3
53 74 7
53 75 7
53 76 0
53 77 7
53 78 7
53 79 9
53 80 9
53 81 6
53 82 8
53 83 0
53 84 8
53 85 0
53 86 0
53 87 9
53 88 2
53 89 1
53 90 9
53 91 8
53 92 3
53 93 4
53 94 9
53 95 9
53 96 8
53 97 4
53 98 2
53 99 5
54 55 3
54 56 6
54 57 3
54 58 1
54 59 6
54 60 3
54 61 6
54 62 6
54 63 5
54 64 5
54 65 4
54 66 6
54 67 4
54 68 3
54 69 7
54 70 4
54 71 8
54 72 5
54 73 4
54 74 0
54 75 2
54 76 0
54 77 3
54 78 6
54 79 8
54 80 9
54 81 7
54 82 8
54 83 6
54 84 0
54 85 2
54 86 4
54 87 2
54 88 5
54 89 9
54 90 8
54 91 5
54 92 0
54 93 4
54 94 1
54 95 9
54 96 1
54 97 0
54 98 8
54 99 0
55 56 8
55 57 2
55 58 1
55 59 1
55 60 1
55 61 8
55 62 3
55 63 1
55 64 6
55 65 1
55 66 4
55 67 5
55 68 8
55 69 0
55 70 6
55 71 9
55 72 7
55 73 2
55 74 9
55 75 7
55 76 6
55 77 4
55 78 9
55 79 9
55 80 6
55 81 9
55 82 5
55 83 1
55 84 7
55 85 4
55 86 8
55 87 0
55 88 4
55 89 4
55 90 7
55 91 0
55 92 6
55 93 1
55 94 8
55 95 9
55 96 9
55 97 0
55 98 8
55 99 9
56 57 4
56 58 4
56 59 9
56 60 8
56 61 3
56 62 8
56 63 6
56 64 8
56 65 5
56 66 5
56 67 7
56 68 8
56 69 4
56 70 0
56 71 2
56 72 7
56 73 4
56 74 3
56 75 1
56 76 9
56 77 8
56 78 2
56 79 8
56 80 4
56 81 5
56 82 2
56 83 9
56 84 2
56 85 9
56 86 0
56 87 1
56 88 7
56 89 7
56 90 7
56 91 9
56 92 8
56 93 8
56 94 3
56 95 3
56 96 4
56 97 1
56 98 2
56 99 7
57 58 8
57 59 1
57 60 8
57 61 3
57 62 1
57 63 5
57 64 4
57 65 8
57 66 0
57 67 6
57 68 3
57 69 1
57 70 2
57 71 8
57 72 9
57 73 6
57 74 4
57 75 1
57 76 1
57 77 4
57 78 2
57 79 4
57 80 8
57 81 0
57 82 1
57 83 3
57 84 8
57 85 2
57 86 0
57 87 9
57 88 2
57 89 3
57 90 8
57 91 5
57 92 5
57 93 8
57 94 0
57 95 3
57 96 0
57 97 5
57 98 8
57 99 5
58 59 3
58 60 9
58 61 7
58 62 8
58 63 3
58 64 5
58 65 6
58 66 9
58 67 6
58 68 8
58 69 4
58 70 6
58 71 9
58 72 8
58 73 5
58 74 3
58 75 3
58 76 9
58 77 2
58 78 5
58 79 4
58 80 4
58 81 1
58 82 0
58 83 0
58 84 1
58 85 9
58 86 1
58 87 7
58 88 5
58 89 0
58 90 9
58 91 3
58 92 2
58 93 2
58 94 5
58 95 1
58 96 7
58 97 6
58 98 5
58 99 1
59 60 8
59 61 0
59 62 9
59 63 0
59 64 5
59 65 6
59 66 4
59 67 5
59 68 8
59 69 4
59 70 1
59 71 6
59 72 4
59 73 9
59 74 3
59 75 4
59 76 5
59 77 6
59 78 8
59 79 1
59 80 5
59 81 4
59 82 4
59 83 7
59 84 8
59 85 8
59 86 2
59 87 1
59 88 8
59 89 2
59 90 1
59 91 5
59 92 6
59 93 6
59 94 2
59 95 6
59 96 8
59 97 7
59 98 1
59 99 9
60 61 6
60 62 8
60 63 3
60 64 6
60 65 1
60 66 7
60 67 0
60 68 3
60 69 4
60 70 8
60 71 9
60 72 7
60 73 6
60 74 8
60 75 5
60 76 8
60 77 6
60 78 4
60 79 5
60 80 1
60 81 4
60 82 6
60 83 0
60 84 7
60 85 0
60 86 7
60 87 0
60 88 6
60 89 5
60 90 2
60 91 3
60 92 0
60 93 4
60 94 4
60 95 3
60 96 3
60 97 7
60 98 4
60 99 9
61 62 4
61 63 6
61 64 7
61 65 4
61 66 1
61 67 2
61 68 0
61 69 1
61 70 8
61 71 2
61 72 7
61 73 4
61 74 9
61 75 6
61 76 4
61 77 3
61 78 3
61 79 6
61 80 7
61 81 0
61 82 6
61 83 6
61 84 4
61 85 2
61 86 9
61 87 2
61 88 9
61 89 6
61 90 5
61 91 2
61 92 0
61 93 9
61 94 8
61 95 7
61 96 0
61 97 7
61 98 1
61 99 0
62 63 1
62 64 5
62 65 5
62 66 4
62 67 5
62 68 2
62 69 4
62 70 2
62 71 8
62 72 2
62 73 1
62 74 4
62 75 2
62 76 7
62 77 0
62 78 0
62 79 9
62 80 4
62 81 8
62 82 0
62 83 7
62 84 0
62 85 7
62 86 1
62 87 1
62 88 2
62 89 7
62 90 2
62 91 9
62 92 0
62 93 5
62 94 5
62 95 4
62 96 3
62 97 8
62 98 4
62 99 4
63 64 2
63 65 3
63 66 8
63 67 1
63 68 3
63 69 9
63 70 5
63 71 7
63 72 0
63 73 0
63 74 8
63 75 2
63 76 9
63 77 3
63 78 5
63 79 7
63 80 4
63 81 8
63 82 8
63 83 5
63 84 1
63 85 9
63 86 4
63 87 0
63 88 1
63 89 7
63 90 1
63 91 0
63 92 8
63 93 0
63 94 0
63 95 9
63 96 7
63 97 5
63 98 2
63 99 2
64 65 6
64 66 8
64 67 9
64 68 5
64 69 3
64 70 5
64 71 8
64 72 7
64 73 4
64 74 9
64 75 2
64 76 8
64 77 8
64 78 5
64 79 3
64 80 4
64 81 6
64 82 5
64 83 6
64 84 8
64 85 3
64 86 2
64 87 2
64 88 8
64 89 2
64 90 0
64 91 7
64 92 3
64 93 0
64 94 6
64 95 0
64 96 9
64 97 5
64 98 7
64 99 1
65 66 2
65 67 7
65 68 0
65 69 9
65 70 9
65 71 1
65 72 9
65 73 9
65 74 8
65 75 9
65 76 8
65 77 0
65 78 8
65 79 7
65 80 7
65 81 0
65 82 1
65 83 0
65 84 3
65 85 9
65 86 5
65 87 6
65 88 3
65 89 2
65 90 2
65 91 4
65 92 4
65 93 5
65 94 3
65 95 4
65 96 1
65 97 0
65 98 8
65 99 9
66 67 0
66 68 0
66 69 2
66 70 6
66 71 8
66 72 4
66 73 5
66 74 6
66 75 0
66 76 4
66 77 3
66 78 2
66 79 1
66 80 9
66 81 4
66 82 0
66 83 2
66 84 0
66 85 7
66 86 1
66 87 2
66 88 1
66 89 3
66 90 7
66 91 9
66 92 4
66 93 5
66 94 1
66 95 5
66 96 6
66 97 9
66 98 0
66 99 7
67 68 2
67 69 1
67 70 7
67 71 2
67 72 7
67 73 3
67 74 3
67 75 1
67 76 1
67 77 5
67 78 6
67 79 2
67 80 8
67 81 2
67 82 1
67 83 2
67 84 7
67 85 2
67 86 3
67 87 7
67 88 5
67 89 5
67 90 6
67 91 1
67 92 5
67 93 1
67 94 6
67 95 5
67 96 9
67 97 2
67 98 1
67 99 1
68 69 8
68 70 8
68 71 2
68 72 5
68 73 6
68 74 0
68 75 7
68 76 5
68 77 2
68 78 5
68 79 0
68 80 4
68 81 6
68 82 5
68 83 4
68 84 8
68 85 7
68 86 2
68 87 8
68 88 7
68 89 8
68 90 1
68 91 5
68 92 4
68 93 8
68 94 0
68 95 0
68 96 4
68 97 3
68 98 6
68 99 8
69 70 5
69 71 3
69 72 4
69 73 6
69 74 2
69 75 1
69 76 9
69 77 4
69 78 2
69 79 2
69 80 7
69 81 1
69 82 7
69 83 5
69 84 8
69 85 4
69 86 4
69 87 8
69 88 2
69 89 3
69 90 3
69 91 8
69 92 0
69 93 6
69 94 0
69 95 1
69 96 7
69 97 2
69 98 0
69 99 5
70 71 6
70 72 9
70 73 8
70 74 7
70 75 5
70 76 1
70 77 2
70 78 0
70 79 9
70 80 0
70 81 8
70 82 8
70 83 3
70 84 6
70 85 7
70 86 9
70 87 0
70 88 8
70 89 7
70 90 2
70 91 4
70 92 3
70 93 5
70 94 0
70 95 6
70 96 9
70 97 0
70 98 3
70 99 9
71 72 5
71 73 9
71 74 7
71 75 4
71 76 0
71 77 3
71 78 4
71 79 6
71 80 9
71 81 0
71 82 3
71 83 9
71 84 3
71 85 4
71 86 3
71 87 6
71 88 8
71 89 1
71 90 9
71 91 6
71 92 1
71 93 4
71 94 1
71 95 2
71 96 3
71 97 0
71 98 3
71 99 4
72 73 9
72 74 2
72 75 2
72 76 1
72 77 3
72 78 2
72 79 2
72 80 0
72 81 5
72 82 2
72 83 7
72 84 1
72 85 6
72 86 0
72 87 6
72 88 0
72 89 6
72 90 0
72 91 7
72 92 3
72 93 9
72 94 1
72 95 7
72 96 0
72 97 8
72 98 3
72 99 1
73 74 6
73 75 9
73 76 6
73 77 3
73 78 3
73 79 1
73 80 9
73 81 4
73 82 8
73 83 1
73 84 2
73 85 4
73 86 4
73 87 4
73 88 6
73 89 2
73 90 9
73 91 3
73 92 0
73 93 8
73 94 5
73 95 5
73 96 1
73 97 7
73 98 1
73 99 8
74 75 3
74 76 6
74 77 9
74 78 8
74 79 9
74 80 9
74 81 9
74 82 2
74 83 3
74 84 1
74 85 9
74 86 1
74 87 9
74 88 1
74 89 0
74 90 9
74 91 4
74 92 4
74 93 6
74 94 8
74 95 3
74 96 0
74 97 7
74 98 7
74 99 3
75 76 0
75 77 3
75 78 5
75 79 9
75 80 8
75 81 9
75 82 0
75 83 6
75 84 5
75 85 3
75 86 6
75 87 5
75 88 9
75 89 5
75 90 6
75 91 6
75 92 9
75 93 1
75 94 7
75 95 6
75 96 2
75 97 8
75 98 7
75 99 9
76 77 5
76 78 5
76 79 7
76 80 0
76 81 6
76 82 9
76 83 3
76 84 4
76 85 7
76 86 6
76 87 5
76 88 2
76 89 0
76 90 1
76 91 5
76 92 1
76 93 9
76 94 3
76 95 7
76 96 8
76 97 8
76 98 1
76 99 0
77 78 2
77 79 3
77 80 1
77 81 7
77 82 8
77 83 6
77 84 5
77 85 0
77 86 6
77 87 8
77 88 4
77 89 8
77 90 8
77 91 8
77 92 7
77 93 7
77 94 3
77 95 7
77 96 0
77 97 7
77 98 9
77 99 2
78 79 4
78 80 5
78 81 7
78 82 5
78 83 0
78 84 0
78 85 7
78 86 2
78 87 2
78 88 9
78 89 6
78 90 9
78 91 1
78 92 2
78 93 7
78 94 2
78 95 6
78 96 2
78 97 4
78 98 5
78 99 0
79 80 8
79 81 8
79 82 4
79 83 7
79 84 0
79 85 8
79 86 8
79 87 1
79 88 8
79 89 8
79 90 7
79 91 2
79 92 7
79 93 7
79 94 1
79 95 0
79 96 1
79 97 8
79 98 9
79 99 3
80 81 5
80 82 4
80 83 2
80 84 7
80 85 9
80 86 1
80 87 0
80 88 7
80 89 8
80 90 8
80 91 0
80 92 5
80 93 9
80 94 9
80 95 1
80 96 2
80 97 7
80 98 3
80 99 5
81 82 8
81 83 0
81 84 4
81 85 8
81 86 1
81 87 2
81 88 2
81 89 1
81 90 8
81 91 3
81 92 7
81 93 7
81 94 9
81 95 7
81 96 0
81 97 1
81 98 3
81 99 0
82 83 8
82 84 7
82 85 9
82 86 8
82 87 7
82 88 5
82 89 0
82 90 4
82 91 5
82 92 5
82 93 5
82 94 3
82 95 1
82 96 3
82 97 4
82 98 8
82 99 5
83 84 3
83 85 9
83 86 9
83 87 7
83 88 5
83 89 1
83 90 8
83 91 3
83 92 6
83 93 6
83 94 4
83 95 7
83 96 5
83 97 1
83 98 1
83 99 8
84 85 0
84 86 1
84 87 1
84 88 4
84 89 2
84 90 9
84 91 3
84 92 2
84 93 4
84 94 1
84 95 6
84 96 0
84 97 7
84 98 5
84 99 6
85 86 5
85 87 2
85 88 1
85 89 1
85 90 2
85 91 0
85 92 7
85 93 1
85 94 6
85 95 1
85 96 4
85 97 4
85 98 6
85 99 5
86 87 8
86 88 9
86 89 7
86 90 8
86 91 3
86 92 5
86 93 7
86 94 5
86 95 6
86 96 4
86 97 3
86 98 9
86 99 7
87 88 4
87 89 1
87 90 7
87 91 3
87 92 0
87 93 2
87 94 4
87 95 1
87 96 6
87 97 8
87 98 9
87 99 3
88 89 4
88 90 2
88 91 7
88 92 4
88 93 1
88 94 7
88 95 4
88 96 4
88 97 1
88 98 6
88 99 2
89 90 7
89 91 9
89 92 9
89 93 2
89 94 2
89 95 7
89 96 2
89 97 0
89 98 5
89 99 0
90 91 0
90 92 9
90 93 1
90 94 9
90 95 0
90 96 4
90 97 7
90 98 3
90 99 4
91 92 5
91 93 5
91 94 1
91 95 7
91 96 0
91 97 0
91 98 0
91 99 1
92 93 1
92 94 0
92 95 6
92 96 4
92 97 9
92 98 6
92 99 1
93 94 4
93 95 4
93 96 8
93 97 6
93 98 7
93 99 9
94 95 8
94 96 9
94 97 7
94 98 4
94 99 3
95 96 5
95 97 4
95 98 5
95 99 4
96 97 6
96 98 7
96 99 0
97 98 7
97 99 2
98 99 7
