all result:
v in set: 2 6 8 11 14 16 17 26 30 33 35 36 37 39 43 47 48 49 52 55 60 61 63 64 65 74 77 85 87 89 90 91 92 93 99 101 105 106 107 113 115 117 121 122 123 124 126 128 129 130 138 145 146 151 166 168 173 174 176 177 179 180 183 186 189 193 198 201 203 207 213 214 216 220 222 223 226 229 241 255 258 262 265 271 276 277 281 286 296 299 
time used: 106120ms
cost: 28

v in set: 0 16 18 21 36 38 43 50 52 54 55 59 63 67 71 72 74 75 78 79 80 82 84 89 90 91 93 106 114 117 118 120 124 125 128 133 144 145 155 156 158 161 166 171 172 173 174 175 176 178 179 181 185 187 190 199 204 208 217 218 219 220 222 225 226 228 229 231 235 237 241 242 243 248 249 250 255 256 260 263 272 279 280 284 286 287 291 292 296 298 
time used: 24350ms
cost: 29

v in set: 0 3 4 5 12 18 19 22 39 41 42 43 49 50 53 56 57 61 72 74 75 80 81 83 84 88 90 91 92 93 95 97 99 102 104 106 121 122 125 126 130 132 134 136 144 152 155 159 166 167 168 170 190 193 194 199 202 204 208 212 216 218 219 220 221 223 226 228 231 234 236 237 239 240 242 246 249 250 253 257 259 268 272 273 278 284 286 287 291 298 
time used: 229870ms
cost: 29

v in set: 3 8 10 15 16 18 19 24 25 26 30 31 33 42 43 47 50 51 53 58 60 63 64 66 69 72 75 77 90 91 95 98 100 103 112 114 115 116 118 126 129 134 135 137 141 142 146 147 149 150 155 160 163 164 168 182 183 184 186 187 193 197 203 205 208 212 214 217 220 223 230 236 237 241 242 243 249 254 260 263 264 267 268 274 282 284 285 287 296 297 
time used: 53620ms
cost: 30

v in set: 0 1 2 3 4 7 11 18 24 33 34 38 40 42 43 48 53 54 64 68 73 75 77 80 81 82 83 84 87 92 93 96 97 99 100 105 106 107 114 118 121 125 127 129 138 147 150 153 154 155 156 157 158 160 161 164 171 172 178 179 184 186 187 190 194 195 202 203 208 211 214 215 217 220 223 226 241 242 244 261 262 265 282 283 287 288 291 292 293 299 
time used: 125720ms
cost: 29

v in set: 0 2 16 18 20 24 25 26 28 33 34 39 49 50 51 54 57 58 65 69 71 75 77 79 80 81 86 93 94 100 102 103 104 105 112 117 121 124 130 134 135 138 139 141 142 147 148 155 160 165 179 189 190 192 197 200 202 208 211 220 222 223 226 227 228 230 234 238 249 251 253 255 259 262 263 264 271 272 273 277 278 280 282 284 288 289 290 291 293 296 
time used: 208070ms
cost: 29

v in set: 4 13 17 26 28 35 44 45 46 48 49 50 51 55 57 58 62 66 68 72 79 80 82 84 85 89 91 94 95 99 106 117 123 125 131 137 138 142 148 150 152 154 155 156 157 162 164 166 168 171 172 173 184 186 187 189 194 197 200 202 213 215 216 222 223 224 226 229 230 232 233 237 239 240 242 248 255 258 259 260 261 265 267 272 280 281 285 292 294 298 
time used: 235960ms
cost: 29

v in set: 2 3 8 10 12 20 22 23 25 30 36 39 43 44 45 46 47 48 52 54 56 58 60 70 71 77 81 82 90 91 93 99 103 105 111 121 123 124 133 134 135 136 137 140 143 145 146 153 155 158 159 162 164 165 169 174 180 183 184 185 187 190 191 196 198 204 206 208 212 213 215 218 221 223 228 229 230 237 242 246 254 259 273 284 285 286 287 288 290 296 
time used: 17970ms
cost: 27

v in set: 2 3 7 13 22 24 28 33 39 42 45 48 49 50 55 60 61 62 63 65 71 72 74 75 76 79 80 81 83 84 89 91 92 94 98 104 107 108 116 121 123 126 128 130 131 132 134 137 139 146 147 156 157 164 170 173 180 181 183 187 189 190 192 193 195 200 210 213 223 237 244 245 247 248 258 262 268 271 273 274 277 278 279 280 283 285 290 293 295 297 
time used: 54090ms
cost: 29

v in set: 3 5 6 7 10 12 19 20 32 33 36 39 42 43 46 47 48 54 56 58 60 62 66 69 70 71 79 87 92 93 94 95 100 107 115 117 119 120 123 124 126 128 135 136 138 143 144 145 150 151 152 156 157 165 170 174 179 183 186 187 189 196 197 199 200 202 204 207 211 212 214 215 217 220 222 229 237 249 252 258 260 268 269 272 273 281 286 287 288 298 
time used: 27720ms
cost: 26

best result:
v in set: 3 5 6 7 10 12 19 20 32 33 36 39 42 43 46 47 48 54 56 58 60 62 66 69 70 71 79 87 92 93 94 95 100 107 115 117 119 120 123 124 126 128 135 136 138 143 144 145 150 151 152 156 157 165 170 174 179 183 186 187 189 196 197 199 200 202 204 207 211 212 214 215 217 220 222 229 237 249 252 258 260 268 269 272 273 281 286 287 288 298 
time used: 27720ms
cost: 26

average: 
average time: 108349ms
average cost: 28.5
