all result:
v in set: 1 3 13 17 20 23 26 36 44 46 52 64 72 79 103 106 137 179 183 196 
time used: 3330ms
cost: 4

v in set: 50 53 58 62 73 76 103 105 110 113 122 134 152 157 160 166 167 175 178 181 
time used: 37470ms
cost: 4

v in set: 0 1 25 26 39 42 64 65 71 84 96 103 112 130 137 167 175 176 183 194 
time used: 7670ms
cost: 5

v in set: 50 53 62 84 86 94 98 99 114 118 122 135 142 144 145 165 174 175 188 194 
time used: 68480ms
cost: 4

v in set: 10 13 32 46 55 57 82 87 93 104 106 108 110 116 130 131 146 156 168 182 
time used: 2860ms
cost: 4

v in set: 10 15 26 39 57 66 67 76 78 83 99 105 107 128 130 137 142 156 168 194 
time used: 69060ms
cost: 4

v in set: 14 21 25 39 51 55 69 77 83 90 91 104 111 118 137 161 180 183 190 196 
time used: 370ms
cost: 4

v in set: 11 16 28 58 67 71 90 105 108 113 120 122 158 162 166 183 187 188 191 199 
time used: 72410ms
cost: 4

v in set: 14 24 35 38 77 80 86 103 118 136 142 155 157 164 168 170 171 172 184 189 
time used: 40300ms
cost: 4

v in set: 0 18 20 31 36 40 59 70 73 79 108 127 136 137 145 162 165 175 177 184 
time used: 167890ms
cost: 3

best result:
v in set: 0 18 20 31 36 40 59 70 73 79 108 127 136 137 145 162 165 175 177 184 
time used: 167890ms
cost: 3

average: 
average time: 46984ms
average cost: 4
