all result:
v in set: 4 10 12 13 14 15 16 20 26 27 30 36 38 45 52 53 54 59 65 67 68 72 77 82 84 85 88 96 98 99 
time used: 87490ms
cost: 8

v in set: 0 1 3 4 15 21 22 24 30 32 33 36 38 41 43 45 51 52 57 58 68 71 76 77 82 83 87 91 95 97 
time used: 16570ms
cost: 8

v in set: 2 3 4 6 19 20 21 22 23 24 27 29 32 35 38 39 47 50 51 54 55 62 70 71 72 81 82 87 88 98 
time used: 25230ms
cost: 8

v in set: 0 4 5 10 11 21 27 30 32 37 39 40 54 57 59 61 62 67 69 72 73 74 79 82 83 85 86 87 97 99 
time used: 1180ms
cost: 9

v in set: 0 4 19 20 21 27 32 34 35 44 48 49 51 52 55 63 64 69 71 72 77 78 79 80 81 86 87 91 98 99 
time used: 22360ms
cost: 8

v in set: 8 12 17 22 26 28 32 35 38 45 47 52 54 57 58 64 65 68 69 70 73 74 76 77 79 81 85 88 93 96 
time used: 22300ms
cost: 8

v in set: 0 4 5 12 20 25 27 28 37 38 44 46 47 49 50 56 59 63 64 67 70 71 73 74 76 82 85 87 95 97 
time used: 210ms
cost: 9

v in set: 0 4 8 9 16 17 20 26 31 34 39 42 43 44 50 52 58 68 72 81 82 83 84 85 87 88 91 92 93 97 
time used: 3230ms
cost: 8

v in set: 2 3 16 17 20 21 23 24 29 32 33 36 38 40 41 42 45 54 56 68 69 72 77 81 92 93 94 95 96 98 
time used: 38700ms
cost: 8

v in set: 0 3 4 7 10 11 13 14 16 23 25 29 31 32 33 36 37 40 44 47 54 61 62 77 79 83 86 87 88 96 
time used: 4280ms
cost: 8

best result:
v in set: 4 10 12 13 14 15 16 20 26 27 30 36 38 45 52 53 54 59 65 67 68 72 77 82 84 85 88 96 98 99 
time used: 87490ms
cost: 8

average: 
average time: 22155ms
average cost: 8.2
