all result:
v in set: 1 3 21 29 74 85 125 126 127 131 140 142 157 161 166 172 184 191 209 215 219 222 237 240 248 263 279 285 307 325 328 371 392 396 401 402 408 411 414 417 420 424 428 433 440 443 444 480 495 499 
time used: 15410ms
cost: 13

v in set: 0 10 18 21 24 50 85 92 93 103 105 128 132 141 148 150 159 173 189 200 201 217 225 234 252 268 269 272 279 285 292 295 301 306 318 331 341 350 353 375 379 382 384 391 393 420 425 476 480 495 
time used: 274680ms
cost: 13

v in set: 15 17 19 32 61 66 72 77 111 115 116 118 125 126 156 157 169 171 199 201 203 215 216 227 241 266 294 297 355 372 374 379 382 386 391 394 395 396 397 403 405 410 428 433 435 451 452 456 484 492 
time used: 133700ms
cost: 13

v in set: 1 12 24 27 30 47 52 71 94 98 117 119 124 153 161 172 187 193 209 213 219 221 230 237 240 245 247 260 273 275 281 285 302 303 324 326 333 360 370 426 444 452 456 464 467 473 479 488 494 497 
time used: 7050ms
cost: 14

v in set: 41 42 43 44 50 53 56 84 99 101 117 122 136 140 143 149 157 192 195 209 211 214 231 237 241 247 258 270 272 276 279 289 303 307 323 344 348 361 373 391 409 410 421 425 426 448 458 481 487 491 
time used: 298330ms
cost: 13

v in set: 7 22 23 32 43 48 54 56 58 59 61 81 112 114 142 146 148 166 171 172 179 181 187 216 219 238 277 283 284 292 299 303 313 314 315 318 323 348 359 363 371 375 380 410 420 451 456 462 487 497 
time used: 284410ms
cost: 13

v in set: 7 30 32 43 67 91 112 118 123 128 143 148 170 177 187 189 193 203 209 214 217 236 253 254 259 265 272 273 287 292 298 302 303 304 309 322 331 332 337 338 344 382 400 402 410 422 446 448 450 460 
time used: 51500ms
cost: 13

v in set: 31 41 44 46 51 57 62 96 104 137 139 148 149 168 183 192 200 202 205 210 231 246 263 275 282 283 294 296 300 305 319 325 331 348 355 359 361 362 385 395 398 403 412 422 428 443 461 465 467 499 
time used: 194180ms
cost: 13

v in set: 0 2 14 22 23 30 33 36 53 55 57 61 81 85 109 113 126 150 160 163 180 183 191 201 210 221 247 253 269 284 298 315 318 326 339 357 375 380 382 386 408 427 455 476 480 481 482 492 493 499 
time used: 290440ms
cost: 12

v in set: 4 9 38 45 64 71 82 96 103 112 116 125 133 149 166 174 182 185 191 195 215 228 229 230 241 246 249 253 257 261 268 274 287 293 303 309 311 320 330 341 360 367 386 399 408 448 449 462 488 496 
time used: 358500ms
cost: 11

best result:
v in set: 4 9 38 45 64 71 82 96 103 112 116 125 133 149 166 174 182 185 191 195 215 228 229 230 241 246 249 253 257 261 268 274 287 293 303 309 311 320 330 341 360 367 386 399 408 448 449 462 488 496 
time used: 358500ms
cost: 11

average: 
average time: 190820ms
average cost: 12.8
