all result:
v in set: 0 3 6 10 18 20 22 25 29 31 32 34 37 38 41 42 44 50 51 53 54 59 64 67 72 74 76 78 84 85 87 89 91 93 94 95 97 98 99 101 102 105 106 110 111 117 120 122 125 128 129 130 132 134 135 137 139 143 144 146 148 150 156 158 159 164 167 170 172 175 176 177 185 186 188 189 192 198 199 205 206 207 212 213 217 218 224 226 230 233 234 235 237 239 244 245 246 247 249 250 251 252 253 255 256 259 260 261 262 263 266 267 269 270 273 275 279 282 283 284 286 289 291 293 294 296 297 298 299 302 303 307 309 313 316 318 322 326 327 330 337 338 339 343 346 352 353 354 355 357 364 367 371 373 387 391 392 394 396 399 
time used: 41150ms
cost: 56

v in set: 4 5 9 10 12 18 19 21 23 25 27 29 31 32 33 34 35 42 43 44 50 53 57 58 62 63 66 68 72 73 75 77 78 80 81 83 85 86 88 89 90 91 97 102 103 104 112 115 118 119 120 122 123 124 127 128 129 132 133 134 138 142 143 150 156 161 165 167 169 173 176 179 180 181 184 185 186 187 188 192 197 199 203 205 206 209 213 220 221 225 227 230 231 232 241 242 243 244 246 247 250 258 260 262 263 265 267 275 276 277 279 281 282 285 290 293 294 295 296 297 301 304 305 314 317 318 319 322 327 329 331 334 335 338 339 345 347 348 349 356 357 359 362 363 364 366 367 371 373 374 376 377 381 385 387 388 389 391 394 397 
time used: 305350ms
cost: 58

v in set: 0 4 5 7 11 13 15 16 18 25 26 32 36 37 38 42 43 44 45 46 50 52 55 57 58 73 74 76 77 78 83 85 87 89 90 93 101 103 105 106 108 109 111 114 115 117 118 123 124 126 129 130 131 136 139 140 143 144 145 148 149 152 153 157 162 163 164 167 174 175 178 181 183 185 188 191 192 196 198 199 200 205 209 211 215 218 219 221 222 223 227 230 232 233 235 250 251 255 256 257 262 264 269 270 273 274 276 281 290 294 295 298 301 302 303 305 309 310 314 316 317 318 320 323 327 328 329 332 333 335 336 341 342 343 345 346 349 350 353 354 357 359 360 361 362 363 365 369 370 373 377 378 381 382 384 385 392 393 395 398 
time used: 178150ms
cost: 59

v in set: 0 2 3 4 9 11 13 15 16 17 23 27 30 31 33 34 36 38 39 41 43 50 52 54 57 58 61 62 64 65 72 74 76 78 80 82 89 91 93 97 98 99 100 101 102 103 106 107 109 114 115 116 119 120 123 126 129 130 131 132 136 139 140 142 144 148 149 152 156 157 159 161 163 167 168 171 172 175 180 182 183 187 191 192 197 198 199 202 205 206 209 213 215 217 218 219 222 225 227 228 237 243 244 246 247 250 251 254 256 260 263 264 268 269 276 279 281 282 285 286 288 292 293 294 299 304 307 317 321 323 326 327 328 329 332 333 334 335 336 337 338 347 351 352 355 357 359 361 367 370 371 374 375 382 385 387 388 394 396 397 
time used: 175740ms
cost: 57

v in set: 4 9 15 16 17 19 22 27 29 31 32 40 42 45 46 47 53 54 55 61 62 63 64 67 68 72 73 76 77 82 88 89 93 97 99 103 112 113 116 119 124 127 128 130 131 132 133 135 137 138 144 145 148 154 157 162 164 165 166 167 168 169 171 176 178 183 185 186 187 188 189 190 192 193 195 198 200 203 204 206 212 217 221 223 225 227 228 229 231 232 235 240 244 245 247 250 257 259 261 264 265 266 270 271 273 274 278 279 280 281 283 285 287 289 293 296 300 302 303 304 305 308 313 314 316 317 319 323 324 325 327 332 333 334 336 337 338 339 340 341 342 344 346 347 352 356 358 360 363 364 365 368 370 372 378 380 381 383 387 388 
time used: 43770ms
cost: 58

v in set: 1 4 5 8 9 11 14 15 16 17 18 21 22 23 27 28 29 31 33 36 38 40 42 50 52 53 57 59 61 62 63 66 67 68 69 74 75 76 77 78 80 83 84 85 86 90 100 104 108 109 114 115 119 120 123 126 127 130 132 136 139 144 146 148 154 161 167 168 169 171 172 174 175 176 181 183 184 185 187 191 192 199 200 201 203 205 206 207 209 210 211 215 220 222 224 227 228 232 236 239 244 247 254 256 260 261 263 264 271 273 274 275 282 285 286 290 294 296 302 304 310 313 314 315 319 320 322 324 326 328 330 332 337 340 341 342 345 354 356 359 360 361 363 364 365 367 368 369 370 371 373 376 381 382 383 384 388 390 394 399 
time used: 301180ms
cost: 57

v in set: 0 1 4 5 8 9 10 11 13 16 17 18 20 23 26 27 28 29 36 42 45 46 51 52 57 58 60 62 63 69 72 75 76 77 83 84 87 89 90 91 92 94 97 100 101 103 107 113 115 119 129 130 135 141 142 145 148 152 157 162 163 165 167 168 172 173 181 187 189 193 196 198 199 205 206 207 214 218 219 220 221 222 223 232 235 241 243 244 246 247 249 251 256 259 261 263 267 270 271 273 274 276 278 279 281 282 285 288 290 292 293 294 296 297 300 301 303 305 307 313 316 320 323 324 325 326 327 329 333 338 339 340 341 342 347 348 352 353 355 356 357 358 359 362 363 364 366 367 370 376 378 380 382 384 385 387 391 392 393 399 
time used: 384050ms
cost: 58

v in set: 0 2 4 5 6 8 11 13 20 23 25 26 27 29 32 35 36 39 42 43 48 49 50 53 54 58 64 71 73 76 77 78 79 81 82 88 91 93 99 100 102 105 107 109 115 116 121 122 125 129 131 137 138 140 141 142 143 144 148 157 161 162 168 169 170 171 181 182 185 186 190 193 194 197 199 201 202 205 206 208 209 216 222 225 228 231 232 235 243 244 245 247 248 255 259 260 264 265 266 267 271 273 274 276 277 278 279 280 281 285 289 291 294 295 296 298 300 303 304 307 312 316 319 320 322 324 325 326 327 331 335 338 339 341 343 344 345 346 347 352 354 356 357 362 363 368 372 374 376 382 384 385 388 391 392 394 396 397 398 399 
time used: 275260ms
cost: 58

v in set: 0 4 12 13 20 23 24 25 26 27 29 30 32 43 45 57 61 62 63 65 71 72 74 76 79 81 87 88 91 93 95 97 98 100 107 108 109 110 116 121 133 138 141 143 144 145 146 147 149 151 152 155 158 173 175 177 179 180 181 182 183 184 185 187 190 196 199 200 204 205 206 207 214 215 216 217 220 222 223 224 225 226 227 228 229 232 233 234 236 247 250 251 253 257 259 261 262 263 264 266 274 279 280 281 284 285 288 295 296 298 302 303 304 305 309 313 315 316 322 324 327 328 329 330 331 332 333 336 337 338 342 344 346 347 348 352 357 358 360 361 363 364 365 367 368 370 373 376 377 379 380 381 382 383 386 391 394 395 396 399 
time used: 26990ms
cost: 58

v in set: 1 8 13 15 17 18 27 29 35 36 37 40 42 43 44 48 49 53 54 57 64 68 70 73 74 76 82 86 88 89 91 93 97 98 100 101 104 106 107 112 113 114 115 116 119 124 129 130 131 138 139 140 141 144 145 147 150 151 152 153 154 156 163 166 168 169 172 175 176 182 184 188 190 191 192 193 197 198 199 200 205 206 207 209 211 212 215 219 222 227 230 232 235 240 241 243 244 252 253 254 258 259 260 262 263 266 268 270 271 272 273 274 276 280 282 286 287 289 290 292 293 294 295 296 300 305 314 317 325 326 327 328 332 337 338 339 341 343 344 352 353 355 357 363 364 370 373 376 378 379 382 383 384 385 388 389 391 394 396 399 
time used: 113060ms
cost: 59

best result:
v in set: 0 3 6 10 18 20 22 25 29 31 32 34 37 38 41 42 44 50 51 53 54 59 64 67 72 74 76 78 84 85 87 89 91 93 94 95 97 98 99 101 102 105 106 110 111 117 120 122 125 128 129 130 132 134 135 137 139 143 144 146 148 150 156 158 159 164 167 170 172 175 176 177 185 186 188 189 192 198 199 205 206 207 212 213 217 218 224 226 230 233 234 235 237 239 244 245 246 247 249 250 251 252 253 255 256 259 260 261 262 263 266 267 269 270 273 275 279 282 283 284 286 289 291 293 294 296 297 298 299 302 303 307 309 313 316 318 322 326 327 330 337 338 339 343 346 352 353 354 355 357 364 367 371 373 387 391 392 394 396 399 
time used: 41150ms
cost: 56

average: 
average time: 184470ms
average cost: 57.8
