all result:
v in set: 0 1 3 5 6 11 13 20 21 22 23 24 27 32 40 44 51 52 54 60 61 67 69 72 73 74 75 79 81 82 83 84 88 89 91 92 95 97 98 99 
time used: 45190ms
cost: 12

v in set: 0 1 4 5 6 7 8 10 11 13 20 24 31 39 43 46 48 49 55 56 58 60 61 62 66 68 69 71 73 74 75 76 79 80 84 87 89 92 93 99 
time used: 4120ms
cost: 13

v in set: 1 3 6 8 9 10 12 13 18 22 23 27 32 36 41 43 44 50 52 54 58 59 62 64 68 69 71 72 73 74 75 77 81 82 88 91 92 94 95 96 
time used: 6970ms
cost: 13

v in set: 0 1 4 5 6 8 12 13 19 21 22 24 39 41 44 46 47 48 50 51 52 54 57 59 60 62 65 66 71 72 75 79 80 81 83 84 92 96 97 98 
time used: 12450ms
cost: 13

v in set: 0 1 3 4 6 9 11 13 14 19 20 21 22 27 40 41 43 46 47 48 51 53 57 59 60 61 65 71 73 75 79 80 81 83 87 88 92 95 98 99 
time used: 9290ms
cost: 12

v in set: 1 3 4 5 6 11 14 15 19 20 22 23 24 30 32 35 36 37 39 40 41 44 45 48 50 51 52 54 57 59 71 72 79 80 82 84 92 94 96 98 
time used: 12710ms
cost: 13

v in set: 0 1 2 5 6 8 13 17 18 21 23 30 33 40 41 49 51 52 53 54 57 58 59 61 62 69 71 73 74 75 79 84 88 89 90 91 92 95 96 99 
time used: 62710ms
cost: 12

v in set: 3 4 6 7 8 19 20 21 22 23 24 29 31 32 36 40 42 43 44 49 50 52 57 62 68 71 73 74 75 76 78 80 81 84 88 92 95 97 98 99 
time used: 12680ms
cost: 11

v in set: 0 1 3 4 5 6 11 13 17 18 19 20 21 23 24 25 29 32 35 37 39 45 48 49 51 53 65 67 71 72 73 76 77 79 84 91 92 94 95 99 
time used: 1380ms
cost: 13

v in set: 0 3 4 5 8 13 20 22 23 24 25 27 28 31 32 36 39 40 41 48 51 52 54 57 58 63 68 71 73 77 80 82 83 92 94 95 96 97 98 99 
time used: 5580ms
cost: 11

best result:
v in set: 3 4 6 7 8 19 20 21 22 23 24 29 31 32 36 40 42 43 44 49 50 52 57 62 68 71 73 74 75 76 78 80 81 84 88 92 95 97 98 99 
time used: 12680ms
cost: 11

average: 
average time: 17308ms
average cost: 12.3
