all result:
v in set: 1 5 6 8 9 15 19 22 23 24 31 33 37 38 42 45 46 48 49 58 59 60 67 70 73 74 75 80 82 83 84 86 88 90 93 95 96 99 101 102 104 107 110 113 115 118 120 121 123 125 130 134 135 141 142 143 146 147 148 150 152 153 154 156 157 160 162 165 168 171 175 177 181 186 187 188 191 192 194 197 200 202 205 210 212 213 215 218 219 220 221 222 223 228 231 232 240 241 244 247 249 251 252 257 258 262 263 267 269 270 272 275 278 279 283 284 291 292 294 298 
time used: 259870ms
cost: 44

v in set: 0 1 4 6 12 13 16 17 19 21 22 23 24 26 29 30 33 37 38 40 45 47 50 53 56 61 63 67 69 73 74 75 77 81 86 90 94 95 97 101 102 106 109 110 111 119 128 129 130 133 135 139 149 150 152 153 154 156 157 159 161 163 165 166 170 171 172 173 180 183 185 186 190 191 193 194 196 201 206 210 212 213 219 220 221 223 224 225 228 229 232 233 236 237 240 241 242 244 245 247 248 255 256 259 261 263 264 266 267 268 274 275 276 280 282 284 288 292 293 299 
time used: 247930ms
cost: 43

v in set: 1 2 4 8 9 12 13 16 17 19 22 24 25 26 29 31 32 35 37 39 47 52 56 58 59 63 64 65 67 71 72 73 76 77 80 82 84 89 90 91 92 97 99 101 103 106 110 113 119 120 121 122 123 124 125 129 130 134 135 137 138 139 140 142 150 151 152 154 155 159 160 161 164 166 171 176 177 178 182 185 188 189 190 194 197 199 200 202 204 205 208 210 216 220 223 226 234 242 243 244 246 247 250 253 254 256 257 259 264 274 275 279 280 282 283 287 290 292 294 299 
time used: 64440ms
cost: 42

v in set: 2 4 9 11 13 14 16 18 23 24 25 26 29 36 38 40 42 43 45 46 50 51 52 54 55 58 62 65 68 73 74 78 82 85 87 91 93 96 100 101 102 109 110 111 116 117 118 121 122 124 129 130 132 136 138 140 144 146 149 156 157 159 162 165 166 167 168 170 172 173 179 180 188 193 194 197 199 202 203 204 207 208 210 212 213 222 224 229 233 238 240 241 245 247 250 251 253 257 258 260 263 264 266 268 269 270 272 273 278 279 280 283 286 288 289 292 294 295 297 299 
time used: 263580ms
cost: 42

v in set: 1 6 8 13 14 15 16 21 24 27 28 29 30 32 35 37 40 51 54 55 57 58 63 64 65 68 71 72 79 81 84 89 90 95 97 100 102 104 111 113 115 119 120 121 123 126 127 134 135 138 142 143 147 148 149 150 151 152 154 157 158 165 166 167 169 170 174 176 178 181 183 187 188 190 191 193 194 196 197 202 205 210 212 213 214 221 223 225 226 228 232 237 239 241 244 245 246 247 248 249 250 251 252 254 262 263 266 267 269 270 272 273 275 276 278 291 292 297 298 299 
time used: 28450ms
cost: 43

v in set: 1 7 9 10 13 15 17 19 24 26 30 34 36 38 41 43 44 45 46 49 50 51 52 56 58 59 60 62 69 70 72 73 76 77 78 79 80 83 85 90 92 96 97 98 101 104 106 107 109 110 111 115 117 118 120 123 124 126 128 129 135 137 143 144 148 149 157 159 161 163 168 171 173 175 176 181 182 183 184 186 187 188 193 197 200 201 203 212 215 219 223 225 226 227 228 232 233 236 240 244 245 249 253 254 255 259 262 268 269 270 274 275 279 282 283 285 291 292 296 299 
time used: 192120ms
cost: 42

v in set: 0 3 4 5 9 15 17 18 19 20 21 22 24 28 30 33 37 40 41 50 51 54 55 56 59 60 62 65 69 71 74 75 78 79 80 81 84 90 94 96 97 98 100 101 102 104 108 115 116 117 118 119 126 127 128 129 130 132 134 135 137 138 142 146 148 149 151 157 158 159 165 170 171 173 174 175 176 177 179 182 184 185 186 191 195 197 199 202 204 210 213 215 220 221 223 228 231 237 241 242 244 245 247 249 250 254 257 263 264 265 270 272 275 277 283 286 287 288 294 297 
time used: 90070ms
cost: 43

v in set: 1 9 10 14 15 16 19 20 22 24 26 29 30 31 32 34 38 41 44 46 47 48 50 54 58 59 60 62 63 65 67 68 71 72 74 77 79 82 84 86 87 88 90 92 95 96 97 102 104 109 111 116 118 119 120 121 123 126 127 131 139 142 143 150 152 157 159 163 166 167 168 172 173 176 177 179 181 182 188 192 194 205 211 213 219 220 221 222 223 226 227 228 230 236 237 238 239 240 244 247 250 252 254 257 262 263 266 268 269 270 271 272 274 275 278 283 290 291 296 299 
time used: 241920ms
cost: 42

v in set: 1 6 9 10 11 13 16 17 18 24 31 32 33 40 41 42 43 52 54 58 60 62 63 65 69 71 73 74 75 78 79 81 82 83 86 89 90 93 94 97 98 100 101 102 104 107 109 111 118 120 121 122 123 124 129 134 139 149 150 153 154 157 158 160 162 165 166 167 173 174 175 176 177 179 180 182 188 193 194 195 198 202 207 210 213 215 218 220 222 223 227 232 233 241 244 247 248 250 251 254 257 260 266 267 270 272 273 275 276 278 279 281 285 286 287 288 292 294 295 299 
time used: 18690ms
cost: 44

v in set: 0 1 4 8 11 12 15 21 22 23 24 26 30 32 36 40 41 42 43 45 47 50 54 58 60 61 65 67 68 69 70 71 81 83 87 90 91 97 100 101 103 104 105 107 110 112 113 117 119 120 124 125 128 129 134 135 137 138 143 148 150 152 154 157 158 159 160 162 163 168 170 172 173 178 179 180 182 183 184 185 190 191 194 201 202 206 207 211 212 214 218 223 228 233 235 241 251 252 253 257 259 262 264 265 266 268 270 271 272 274 276 277 279 282 283 286 289 291 292 299 
time used: 16960ms
cost: 42

best result:
v in set: 1 2 4 8 9 12 13 16 17 19 22 24 25 26 29 31 32 35 37 39 47 52 56 58 59 63 64 65 67 71 72 73 76 77 80 82 84 89 90 91 92 97 99 101 103 106 110 113 119 120 121 122 123 124 125 129 130 134 135 137 138 139 140 142 150 151 152 154 155 159 160 161 164 166 171 176 177 178 182 185 188 189 190 194 197 199 200 202 204 205 208 210 216 220 223 226 234 242 243 244 246 247 250 253 254 256 257 259 264 274 275 279 280 282 283 287 290 292 294 299 
time used: 64440ms
cost: 42

average: 
average time: 142403ms
average cost: 42.7
